8499
5919.34
1287.41
1183.02
902.767
179.956
278.182
322.699
347.698
402.759
419.477
404.711
379.471
335.677
284.958
232.525
194.19
141.331
133.372
142.166
69.5395
179.514
186.891
104.131
40.9075
60.2395
55.7157
43.5578
63.4243
46.0692
62.4367
91.4509
64.1427
14.6649
11.8158
54.5566
65.6093
23.0747
29.6698
24.8853
21.1306
55.2368
57.4678
7.8337
18.5927
59.4856
69.5613
23.6053
48.7056
82.0173
5.26348
78.7732
93.6075
65.4638
46.417
91.1803
55.8004
33.0727
33.9313
61.1424
50.8079
46.0423
74.3444
79.1458
65.2984
133.341
150.923
92.1736
75.7837
34.2051
23.0955
41.9337
33.4531
22.5207
68.4837
88.5806
43.9195
21.7605
58.7277
62.9732
71.9263
114.592
128.246
110.977
29.2532
50.3099
88.3725
158.17
107.227
28.4587
37.6562
33.1106
33.6686
36.3996
27.7597
70.9962
53.984
38.3272
87.4435
114.261
145.075
144.262
70.5118
29.2074
41.247
84.1059
53.1948
53.9679
35.4631
118.273
184.561
187.751
110.236
22.6449
58.7858
89.0369
122.819
71.1297
54.0738
121.484
108.337
102.452
112.771
101.622
122.097
128.116
102.673
99.128
52.9021
45.5445
77.9243
67.6534
48.2419
33.3778
5.92582
28.2503
43.9176
41.6366
51.5683
34.7462
37.5751
35.3433
18.8473
10.325
42.6975
24.2781
64.9509
116.031
61.4664
37.1633
59.2851
93.3371
76.7438
76.9767
23.9597
52.5943
55.2153
26.0946
76.1743
65.1366
15.8248
21.2442
12.4748
45.4561
103.225
80.2917
42.7448
44.1897
44.5296
87.4282
58.4583
59.5893
38.5175
59.1041
9.97243
67.3232
58.9932
48.2143
53.375
45.7498
53.2471
47.221
44.2177
36.3124
52.7369
49.8316
41.8809
91.1215
41.0912
66.3328
101.866
80.5374
60.1063
60.9358
25.4271
78.7437
76.2401
60.5147
73.0286
59.2032
26.2727
29.9529
99.6511
123.152
75.7009
90.8901
128.313
109.961
121.417
112.071
86.9777
74.0021
142.369
221.19
169.145
155.485
120.633
146.155
133.639
106.078
92.7523
62.2423
54.4709
110.833
63.7383
60.0068
79.1235
31.4647
49.4541
108.089
138.052
136.412
55.4209
109.936
118.142
57.8467
27.5631
78.6091
81.8216
36.878
60.5295
50.7262
26.6198
22.1079
32.3873
44.1047
48.1945
96.4727
74.2683
21.4578
54.0766
81.6627
35.6347
50.5003
69.0185
25.4596
57.9602
57.5987
19.9459
88.7939
94.4214
22.0783
42.6013
45.6406
17.9136
56.5627
67.25
53.2862
21.6277
40.8064
51.6607
45.9409
122.026
113.666
68.6341
38.6443
10.5966
51.6974
63.4781
52.8663
69.4918
106.935
88.2559
52.0808
44.5517
79.0295
61.1279
58.2086
43.2381
79.8833
89.2122
76.8128
18.3582
77.3842
51.4405
20.8382
38.6595
92.5638
99.3531
75.8175
15.2315
29.5512
26.9081
75.6961
114.452
101.128
41.6975
55.2087
90.5789
94.928
68.9035
126.012
44.8931
99.2189
73.9602
70.8465
33.8493
237.185
248.235
113.584
281.749
185.837
122.665
215.948
141.47
62.3519
67.6263
42.0736
24.7836
45.5976
150.552
195.155
54.8655
126.926
141.226
92.2714
67.2117
166.912
75.676
58.2453
68.9311
90.9702
127.295
107.494
33.5503
80.2162
146.938
132.109
55.7057
128.084
163.784
128.072
98.3737
57.4291
63.2537
96.7429
16.6248
108.629
64.1093
41.5728
75.4147
24.7086
62.2117
32.4063
95.6363
111.535
139.549
140.967
86.7994
94.5753
146.777
78.9774
57.1097
106.813
73.0635
56.2608
74.7339
71.6995
86.701
104.619
73.8087
20.792
30.4633
29.9151
22.3644
71.8849
101.987
93.4918
36.0372
49.6929
91.5646
80.026
39.875
56.5385
112.692
102.994
53.1746
46.4424
60.8475
38.3861
63.0953
72.1492
74.9058
73.3828
61.2071
4.56029
34.563
42.0296
52.0164
47.5947
89.7201
91.1616
45.8637
44.804
63.9773
143.348
130.731
62.554
33.8969
69.8719
92.0949
140.515
189.683
222.84
221.157
141.938
101.941
88.5225
96.0312
140.572
113.527
74.3489
81.397
132.574
58.37
120.132
179.26
119.169
14.0205
65.8092
47.0837
21.9624
12.4543
35.727
74.6118
31.2933
145.714
138.924
52.7439
51.9147
95.2957
121.984
76.1863
85.2528
100.521
63.5592
24.6371
52.3278
113.097
83.9556
26.0375
32.2072
26.5296
10.5818
71.1284
136.721
65.3908
53.4549
81.6515
94.6781
110.296
64.8655
67.4307
69.7175
57.9063
31.6628
10.3594
39.7502
57.7532
104.966
114.626
99.4878
79.5953
22.6737
72.6664
98.731
126.24
145.123
63.9509
87.441
53.867
105.387
60.3569
74.471
104.928
71.108
125.908
126.031
56.6194
43.7563
102.655
148.99
137.687
86.5354
36.8636
28.8566
61.1074
54.4961
56.2545
118.742
105.189
63.4877
100.638
165.476
179.343
79.3389
28.017
45.7835
48.62
27.9408
75.1035
136.039
145.637
90.5528
16.5376
107.186
176.434
136.44
86.1839
56.1212
36.9472
95.8923
95.3513
28.5494
52.9078
43.7411
43.8088
107.726
58.7319
38.5912
83.7128
86.4298
73.6076
93.9545
139.783
106.288
83.1038
149.111
146.639
198.993
176.894
39.2433
100.311
136.741
112.114
85.5473
65.854
92.9967
27.0303
63.7333
65.5939
122.045
147.736
105.062
138.333
77.1382
69.7707
123.825
79.4859
52.8542
53.6952
143.826
170.639
103.517
60.9943
13.9784
37.8454
67.9653
94.8102
109.186
126.943
93.1525
86.8942
43.4842
27.2204
4.74897
36.7154
8.22594
76.2169
111.879
83.6544
39.678
100.603
131.087
105.899
63.4975
99.0839
88.6154
97.4468
95.7725
49.6929
31.3778
31.3793
64.4108
69.938
78.2032
92.2961
139.624
143.455
81.8181
22.6956
56.6833
44.3719
86.5535
42.0687
59.4622
27.9776
37.5901
50.9806
11.1826
68.5451
101.229
104.585
113.578
117.442
78.6822
40.5089
47.2395
43.0924
19.1236
62.7053
54.2043
76.1711
76.9358
29.9139
25.7562
52.887
77.9051
113.792
113.398
135.735
197.854
152.8
12.857
77.3419
41.5901
63.2935
96.1688
135.162
68.5558
138.277
99.1642
71.5428
119.36
99.5231
64.965
83.4862
20.0517
86.5295
71.6447
92.0644
126.914
157.78
159.452
132.353
70.6834
84.481
76.4842
41.6942
150.363
185.389
180.066
144.026
74.7563
42.3984
58.3818
121.972
67.6149
92.8446
100.66
46.4769
43.2497
20.5263
71.0489
58.2616
39.4543
54.4528
73.3613
85.7395
81.9337
70.2747
63.6279
22.6769
44.3145
41.5892
132.917
134.433
48.583
123.43
126.662
93.2506
184.871
130.737
17.0283
12.9223
70.7427
146.731
134.315
79.9037
19.4606
27.0574
27.6697
47.5138
150.951
136.724
38.1353
151.254
199.08
81.8332
114.288
170.536
103.6
100.063
65.5539
23.9535
51.3738
70.3185
30.8749
32.7922
64.975
100.294
165.569
86.2506
80.0012
137.851
158.921
111.353
54.5223
89.9706
85.8812
31.0501
24.9289
35.6761
31.9699
8.34368
59.2488
37.8252
31.6972
45.6389
32.4759
70.068
78.1998
76.5656
90.3118
85.275
94.5257
61.4826
80.3264
146.612
81.3588
68.4177
113.371
121.368
171.967
138.807
125.128
86.3886
37.2236
77.4093
90.2166
141.977
126.44
114.595
137.825
89.0449
78.0891
120.472
151.476
139.631
92.1721
89.5085
43.6377
60.137
66.6895
36.8265
73.2498
105.763
96.1506
24.807
134.125
134.391
55.2755
59.2843
99.5313
77.6013
52.2021
76.2462
66.277
20.9407
64.539
52.6188
48.6891
48.226
44.2592
112.484
106.587
44.9348
24.4997
61.3389
67.2622
49.5192
45.5645
62.3822
32.4858
121.026
153.706
82.9284
47.858
48.7034
55.4099
54.881
65.8665
97.4352
78.3813
32.0143
48.168
12.2351
36.6963
36.4282
25.6055
45.5016
9.73882
46.4884
83.5074
78.2367
103.472
134.844
125.103
127.565
117.957
49.3925
16.1424
79.657
138.652
141.144
87.6624
80.0403
54.7758
80.3083
93.5835
60.0892
102.371
115.002
98.0441
120.193
48.509
46.1294
59.9581
80.2854
62.4949
28.4904
51.8265
53.1549
42.6753
2.80489
34.5928
17.531
71.8424
27.6857
67.8278
127.448
163.869
95.7857
86.6392
58.1315
154.983
231.918
225.446
174.222
106.87
161.155
143.31
128.08
125.325
65.4558
150.878
151.117
86.452
73.6356
104.151
111.113
129.114
107.637
63.7581
67.8854
92.5865
103.205
67.4803
43.8944
74.4885
82.9525
89.4791
74.2832
51.8238
66.8071
103.713
99.3225
52.5581
53.043
13.4692
29.6326
40.3309
106.351
77.9344
45.2426
99.9042
34.5373
92.1949
46.5379
83.4142
106.762
60.462
12.6802
54.7424
53.7435
38.5544
26.1965
12.9873
61.6307
84.7251
102.904
144.332
86.0759
92.7913
113.216
43.7711
90.5769
161.535
148.079
97.1078
77.2134
70.539
26.5267
45.0439
62.7049
112.625
138.494
46.9171
96.1038
97.5175
17.768
66.0541
62.0724
67.2682
88.5547
84.7063
70.6143
71.8491
56.451
14.7249
69.8741
90.6596
105.53
78.8739
15.3113
43.1407
42.5966
33.1934
25.6034
32.9445
102.508
171.297
80.7559
75.5301
108.982
109.085
158.833
75.4927
166.921
237.438
117.611
30.0364
91.7898
78.4789
82.8663
170.419
193.744
135.925
96.7072
108.651
68.036
25.1137
32.3297
113.335
92.0072
53.0751
117.325
56.0876
172.814
110.75
112.41
171.422
126.877
71.3406
5.32909
36.0535
25.411
105.392
135.833
60.2193
62.1028
94.7941
35.7945
77.0964
101.543
127.28
69.4448
76.6326
126.156
149.627
115.933
106.741
65.7595
50.1713
67.3245
20.7512
66.0095
99.4267
131.82
94.9722
132.812
161.465
116.609
90.3781
29.9967
110.784
99.7486
53.9605
50.7475
82.8001
86.6467
15.6825
71.2898
44.4648
25.7771
27.6997
53.5757
128.781
91.1263
31.3224
33.1771
37.5278
50.8151
44.2467
53.9911
96.4756
98.756
137.22
102.232
11.2379
59.494
60.234
47.3726
105.709
137.133
85.0177
26.9304
37.2601
71.6198
34.9557
65.1984
87.464
49.942
37.9882
99.3518
114.115
47.4379
131.162
147.848
67.4522
75.8135
95.6495
127.373
107.615
46.3186
33.165
63.1372
79.1391
66.4779
44.9247
17.3823
32.8295
67.2574
67.141
69.5056
98.3844
99.0043
84.0112
86.0416
70.4144
20.2874
53.0862
82.4774
86.5411
80.7499
68.2537
97.8574
106.767
70.3391
44.9047
48.2907
126.769
107.336
109.118
125.968
123.977
98.8806
109.052
69.8407
4.41811
70.7671
130.942
120.697
79.1238
55.6911
50.9979
73.5392
28.299
47.0262
63.8771
80.3275
54.9839
28.064
79.0232
108.55
61.0811
28.7838
70.2461
80.6478
24.0909
88.8491
112.417
73.8225
91.1249
109.214
58.8414
43.1098
25.2379
101.126
101.515
35.4754
40.9688
24.4063
72.2849
52.5619
37.308
76.7805
102.658
86.5899
45.133
14.1165
64.7017
132.932
85.6679
41.4571
5.41438
57.6802
34.2261
33.621
28.1717
69.0948
109.224
49.8657
39.6773
65.039
108.769
138.288
52.5049
54.6216
147.895
231.592
232.106
131.687
57.6789
55.222
94.3484
98.8697
37.683
72.9117
64.7095
83.2922
101.068
71.4913
51.135
120.911
66.1521
26.5837
66.4222
148.307
131.706
89.5187
91.5831
110.224
81.9491
73.2891
64.6866
57.8497
100.083
38.1231
64.9033
104.103
113.524
110.397
43.4078
85.4783
117.968
30.4584
133.695
124.523
94.0908
57.5626
39.1577
25.0446
38.0393
91.3891
103.325
73.7085
31.0008
58.9598
96.1414
57.5444
10.1962
53.9392
99.8197
118.895
52.3064
56.9234
104.596
114.028
91.9421
74.0695
82.7822
108.139
83.3297
64.3182
55.4297
19.8875
37.9246
27.1489
9.79913
30.4388
53.5672
28.8734
73.0822
62.7257
51.1298
62.5814
98.1622
160.133
146.019
51.9055
73.3805
46.9216
20.8145
35.7058
52.462
38.7133
70.8735
42.3362
82.4715
117.255
62.8857
22.6316
87.1187
122.847
80.4002
89.3846
89.9711
54.1907
35.9283
71.4773
58.2324
78.3547
133.093
143.755
159.518
95.7676
20.3773
33.1903
48.0339
39.7648
54.8981
68.973
93.6438
75.1584
31.545
109.256
111.432
117.214
58.7498
39.4501
60.3124
47.2121
22.7731
74.5825
96.3689
87.2738
84.9895
88.892
78.2591
87.5322
42.6556
54.2246
74.417
97.1119
131.125
126.953
86.9766
77.6313
95.4717
69.7306
86.2147
103.086
81.9569
56.1611
32.9915
147.74
124.783
81.7423
95.7705
18.2354
94.5869
101.434
75.7314
67.6388
64.8611
140.25
174.804
121.881
79.6727
64.45
53.9195
17.6542
37.6584
87.2003
122.515
102.33
190.251
144.078
60.3351
98.7648
38.4773
25.9866
22.3104
87.4054
103.569
85.93
84.2681
61.896
79.5605
49.7901
5.50225
64.7533
72.8903
58.0385
77.1095
141.417
98.4385
36.9138
63.4481
28.0726
36.4066
43.9906
83.4216
84.5951
68.3047
84.5635
134.404
125.005
49.2454
24.3606
69.4706
105.766
97.7956
17.0292
89.1714
130.607
111.384
95.81
109.938
68.1432
36.1022
82.1827
107.875
103.846
54.9714
92.0739
122.814
154.709
141.765
117.598
111.126
57.3779
135.425
187.659
113.94
114.45
138.536
23.6532
128.651
148.91
94.2708
51.066
36.0132
34.2172
61.696
90.6178
75.6315
60.4066
114.874
115.6
87.1325
70.1069
62.912
113.89
18.1791
124.739
115.306
60.7928
30.5257
43.0669
130.908
120.517
15.4774
66.0101
80.1884
54.8744
78.313
71.6388
5.54973
96.5126
97.2195
54.8068
202.217
181.773
81.2656
47.3442
70.1669
62.905
60.3747
68.7231
107.189
41.0524
32.863
91.6007
84.3919
55.6664
14.2107
83.8516
89.2905
31.2966
1.85059
10.9774
15.7903
61.3905
59.2016
49.0546
88.3071
78.3552
54.4686
57.7461
54.0829
103.786
56.0489
97.2064
100.691
68.8735
13.3151
71.9555
142.52
167.973
126.184
44.3945
68.9262
63.8798
17.0366
62.5576
79.7772
97.9045
59.1726
60.1283
133.373
95.0015
24.3135
29.7203
29.8659
44.8443
100.532
100.29
84.1631
78.6398
66.8931
75.1774
116.181
91.8067
42.5731
50.9924
43.7885
53.2611
44.11
38.0862
94.9578
110.215
22.7314
109.385
127.83
91.2517
107.948
157.642
197.499
166.544
62.9937
111.337
146.263
91.2382
54.1282
48.5243
75.922
98.3228
101.54
61.8458
11.8914
68.1863
111.111
121.456
77.6041
11.7367
49.3279
75.0324
41.7378
122.762
162.108
88.3324
19.8379
43.3372
57.121
63.9274
78.1965
104.508
121.698
95.0245
46.2786
110.319
93.5572
87.7747
68.443
79.2241
79.4937
78.9227
48.5478
32.4714
54.2769
33.75
27.1194
80.3341
113.208
109.076
86.006
47.1789
23.8734
68.3899
110.005
62.5449
67.1059
72.5971
56.6808
95.217
120.666
93.872
99.2537
108.008
52.7744
36.7204
40.5171
64.4246
73.9628
178.484
126.454
14.2106
81.4495
79.1733
43.6442
42.9459
142.741
145.707
84.7765
116.917
76.0521
81.2738
55.55
40.9756
29.2423
89.0094
164.98
129.826
59.4233
89.6544
105.891
104.246
107.65
92.9606
28.6393
55.8202
88.4872
149.443
161.264
95.853
152.135
126.717
117.31
67.5512
75.7544
128.619
160.302
97.0873
104.192
75.1117
49.3024
46.0885
68.3149
15.464
44.7431
59.8747
65.5046
64.8569
105.892
183.638
158.566
63.3007
90.7338
87.4541
31.3039
37.5
74.3679
103.476
57.4872
28.9942
27.2482
48.6492
109.317
110.433
108.463
75.8768
108.136
102.499
49.4931
31.4326
66.8561
97.0524
85.9123
86.1125
116.524
114.474
101.545
70.1302
18.4478
76.6029
80.4829
56.2242
18.6464
28.8809
17.8933
70.1242
96.8507
69.1186
33.0915
97.3924
106.439
116.878
83.8339
119.673
71.6745
99.9246
148.225
78.5568
31.052
36.7667
43.0697
37.8208
38.1808
111.394
167.063
141.231
91.8082
86.2108
107.509
73.1446
25.2512
30.7244
63.3564
63.5835
78.625
105.864
99.0074
116.75
188.059
170.686
87.2655
89.7035
180.245
108.276
104.255
87.3276
107.868
95.897
30.6798
60.8531
49.7708
160.501
62.9236
109.831
126.872
72.6657
76.4154
81.7287
44.1091
78.9368
128.937
81.2953
87.7582
129.471
188.282
168.091
44.5648
96.2991
93.9547
71.9277
21.515
40.4579
19.7193
84.8365
97.5648
41.1209
34.7398
69.814
69.5889
129.985
62.5735
86.7613
59.6195
17.9923
31.0977
48.7118
103.145
163.371
112.82
55.3215
132.934
90.6917
13.7071
62.6849
112.564
133.845
146.552
47.1408
90.9507
136.915
45.1509
35.8343
40.6948
93.7493
96.3795
47.5424
63.8188
99.3216
61.6991
17.6581
76.2524
73.2643
56.3464
55.9801
46.7534
61.838
64.319
50.2985
52.2054
128.829
60.0191
111.203
125.908
86.763
108.023
86.8432
36.9209
23.4761
64.0968
55.3527
37.9053
55.565
54.1338
55.7164
113.391
149.531
110.65
75.3757
10.907
57.7147
96.5014
87.7782
59.4978
123.018
149.528
94.5243
69.1431
70.1858
68.9304
37.0737
35.1438
54.6106
55.6275
18.3293
27.1496
74.6068
67.5014
23.6368
32.1209
95.0889
113.718
110.317
80.1076
23.1599
24.5127
103.603
149.266
83.0948
55.3363
90.9425
93.7298
26.6928
10.5753
16.3293
22.6178
58.6656
70.0777
76.6196
27.6075
34.2453
46.9567
114.311
109.798
64.4243
56.7596
75.2115
144.532
125.813
48.1264
57.2989
85.8326
17.5017
80.4552
91.4938
100.497
92.5668
55.5566
80.8132
79.0376
84.4076
37.8994
103.64
86.1011
42.1595
86.8078
19.448
53.235
41.617
62.1141
97.4331
86.406
35.1135
23.1346
96.1717
136.756
84.9072
48.9867
73.1028
76.9179
83.488
67.1896
24.5995
86.2922
130.107
255.547
261.523
137.336
70.4586
83.7051
67.1204
55.5102
61.9535
91.4491
185.941
221.591
162.371
88.2115
42.2864
70.8242
27.0142
54.032
63.6067
80.8532
78.7031
46.7633
44.7111
26.6502
60.5908
144.254
140.258
38.5553
35.7707
25.7141
27.3186
96.235
182.667
178.139
105.043
35.623
60.14
50.9111
66.3817
33.2069
89.5749
110.354
14.2129
111.408
100.651
77.6394
53.1578
28.0741
80.18
151.43
111.495
28.7114
51.1254
41.4459
55.6979
107.425
102.458
83.2151
17.6904
119.555
202.903
132.048
50.9043
47.9335
50.4766
18.4295
77.7016
78.0918
39.9692
37.1439
80.999
60.0478
14.533
66.4812
38.976
40.4264
102.188
52.5288
91.0216
123.415
34.1048
81.901
162.422
179.312
112.272
80.5197
162.976
137.334
54.2237
40.0484
38.2435
56.3612
94.4311
89.9868
89.05
51.4301
8.89775
27.1356
55.8719
57.5304
29.5017
67.1648
64.0365
71.3679
143.407
152.466
88.3204
78.1328
57.0461
59.6553
14.7471
48.5815
49.3136
20.2527
10.1033
70.8966
144.444
98.5772
100.394
166.82
92.4525
51.6934
57.6877
32.9531
11.6873
42.7128
35.7778
75.1799
127.059
80.1979
139.899
198.616
174.807
140.236
92.4404
29.8364
52.4788
34.892
102.723
60.3291
90.2415
120.884
55.807
28.7618
76.9651
121.154
152.36
108.54
45.7
56.2016
36.8516
96.9622
147.885
97.2481
49.8858
61.6254
41.0295
13.9301
17.5473
19.9335
23.7276
31.0343
56.6544
62.9714
58.9334
57.6795
90.2388
102.223
71.2146
27.0121
139.508
140.681
28.4972
98.4916
132.58
129.858
143.921
112.812
17.063
20.5814
26.5554
26.217
13.318
77.9594
56.0041
32.1149
79.7532
70.447
73.0042
176.414
219.939
105.412
44.987
128.567
162.108
52.1328
140.534
113.959
48.5766
137.561
134.604
109.11
110.507
64.2243
48.4509
73.2918
63.1039
50.9951
63.3087
143.769
187.442
73.7479
97.944
154.764
137.799
92.3727
81.2691
42.2827
69.7921
138.722
156.427
143.442
151.295
105.202
135.544
62.9824
36.4537
76.0454
114.128
82.8117
54.8663
88.6571
109.19
31.0552
68.2747
77.2555
70.597
86.5776
40.9616
60.2513
107.845
64.7408
34.7367
33.7304
25.7663
29.2798
48.297
136.585
150.676
78.7898
108.263
186.538
202.316
85.4565
113.342
191.748
124.44
30.5087
82.0922
78.6261
84.876
118.596
82.954
51.2303
73.3968
36.3318
59.0701
57.2029
83.0004
27.3792
36.2526
32.4553
61.9861
154.078
190.101
119.664
7.08484
55.0332
42.8081
58.1593
63.8145
199.954
197.794
93.853
64.3639
54.8623
49.4144
72.5143
139.921
87.0969
33.7573
69.7281
6.55648
94.4637
90.4987
40.4466
45.1135
70.7341
83.51
68.2949
54.3943
61.0978
39.9116
87.459
53.1265
5.6693
52.6657
101.806
103.272
78.9917
44.4326
34.3707
76.3196
105.012
102.835
115.348
102.448
108.136
138.32
124.563
88.19
58.8453
76.1106
99.783
81.4126
47.2118
79.345
131.496
115.659
37.3587
51.9604
111.623
138.442
113.231
39.3741
23.2343
41.8731
10.3137
62.695
102.737
74.0026
21.2762
2.09118
20.2884
41.2134
77.9678
134.079
173.538
134.074
110.204
70.4073
26.6949
26.583
77.9398
130.305
85.4346
23.8079
66.9155
86.6317
120.769
132.629
100.235
87.0632
77.43
12.8949
91.4711
59.6697
97.8663
147.259
141.291
100.783
39.0952
11.217
21.2007
62.8937
79.4467
39.707
128.471
127.361
68.9059
145.013
152.55
135.457
142.916
121.701
72.4906
65.871
39.3359
57.996
43.878
7.25608
83.4978
97.5492
46.2784
38.3827
62.2558
97.6369
83.2154
72.0798
25.8104
106.658
140.823
42.8671
27.4932
75.2171
81.7155
28.5177
88.9128
41.8562
27.8686
72.2511
86.0265
79.5927
74.3214
54.8785
51.0429
37.5116
47.6703
76.5358
45.5523
171.127
158.176
66.7247
115.61
146.618
99.3133
74.4509
70.4252
30.8637
28.8973
113.957
178.513
126.174
23.6949
63.5001
43.3158
77.0591
111.954
34.5367
93.4564
126.869
122.323
127.128
152.411
80.29
151.308
180.229
129.962
47.2603
110.744
141.72
71.6262
103.317
64.2384
45.4112
76.8685
146.681
132.616
102.334
98.5985
105.263
114.878
154.651
214.637
216.136
139.955
49.804
18.4867
27.2404
57.9158
119.619
85.4434
14.6848
131.487
128.034
55.1063
97.0396
116.571
136.23
162.473
103.253
98.3059
141.411
45.3045
149.982
111.303
21.3795
108.325
137.528
83.454
13.5024
61.4602
44.8969
16.4796
82.9765
112.214
55.3119
24.2818
36.0292
78.6793
113.258
29.7004
120.86
131.979
70.5627
63.4903
99.4182
62.4094
21.496
120.034
95.7999
37.1939
52.1067
47.5324
56.056
125.903
82.0169
102.999
84.9075
23.1422
97.8959
77.181
59.1326
12.8678
90.3095
61.679
66.1025
101.194
70.9493
136.689
136.93
90.771
104.293
136.672
102.627
26.3
83.3676
165.878
152.449
153.28
223.533
153.296
88.9369
126.523
157.657
161.698
78.9055
81.0657
70.1378
108.872
107.123
106.304
130.162
132.621
140.441
69.5162
18.5303
36.2853
54.6374
154.971
160.034
91.3239
20.2809
41.9789
71.4842
149.594
170.195
154.402
95.8364
60.5247
63.5082
67.885
89.1017
58.3741
54.3708
66.0253
77.1752
35.9776
42.8496
31.9093
46.2701
31.428
58.8837
123.1
122.238
102.945
119.548
52.4561
62.2272
36.9843
25.6657
81.3343
130.179
109.78
88.4993
151.258
64.3863
107.469
192.8
180.55
128.398
58.5636
47.245
57.8796
41.4281
116.678
165.361
99.6114
115.774
105.147
92.9744
104.743
97.8039
117.96
123.819
115.277
96.1708
69.8238
61.1302
96.0346
126.404
188.462
170.061
56.7008
54.3727
107.249
93.5054
31.6266
130.87
181.624
159.476
123.671
36.0822
26.7502
33.3255
73.9252
61.282
98.6888
103.239
130.288
89.298
55.2476
119.418
133.771
120.439
77.1648
103.053
64.6969
25.5683
52.88
82.9444
117.513
104.042
16.5557
25.7881
47.9665
50.1281
65.4592
65.8332
90.9416
90.6343
55.5003
41.712
108.413
129.374
81.9677
32.0591
23.3102
35.0916
80.8528
109.633
65.0611
61.9361
26.0676
108.735
97.2062
96.2073
116.931
69.3827
86.6049
126.704
120.269
95.7463
20.2735
97.0594
66.366
16.3428
12.4251
57.5101
71.1853
134.488
148.053
14.8157
101.663
72.9294
9.97742
68.0762
110.17
128.99
120.578
60.1182
38.4902
55.3257
53.2283
125.527
153.485
98.5189
118.335
115.072
67.6547
79.1616
105.472
91.5083
40.8175
60.0035
72.984
111.817
102.977
39.9763
83.2189
115.793
77.8639
70.9085
113.721
99.5318
49.0811
46.2202
102.734
77.105
56.3487
97.3858
76.912
51.4167
53.1641
85.0426
48.1632
83.2138
115.14
50.0836
132.201
132.414
58.7153
92.8768
57.5741
40.3691
48.8246
101.054
184.245
175.295
90.1946
59.9895
137.249
102.009
33.8459
51.984
53.5951
20.7641
96.3592
107.422
35.8047
39.5175
49.1561
65.0913
110.867
100.247
18.5064
83.7238
122.769
130.796
71.7268
51.91
122.67
92.2636
17.1525
57.2497
39.9536
47.4421
85.6715
93.0171
76.935
68.7311
102.491
104.418
10.3073
110.168
139.562
86.5694
73.6588
74.1345
18.1262
9.8942
66.1177
73.2933
48.5194
35.0703
22.4742
56.6619
52.0979
19.7301
87.2699
85.953
77.1138
103.747
120.781
121.012
95.1171
65.5493
47.0457
46.7319
15.5117
8.90167
29.054
25.3672
26.0024
83.3795
61.7212
36.6584
62.0189
87.8251
115.597
101.036
69.5627
60.3448
77.6668
157.197
81.43
12.9357
44.8545
85.1303
81.613
45.7913
77.5684
99.0905
70.6584
30.1795
49.867
66.9083
100.844
14.0208
68.3619
117.373
91.1402
83.8587
82.7579
16.8952
54.7039
56.2478
50.2245
132.691
103.041
52.2149
107.798
23.9822
29.6241
91.5593
142.653
156.314
93.2492
73.3793
88.6644
63.1314
24.1901
64.4531
51.736
25.6812
53.4984
99.7096
80.3162
149.417
168.845
132.696
68.2878
14.8468
30.3501
36.4295
46.7109
93.0746
153.793
166.047
127.272
125.714
76.1503
62.0581
135.585
177.359
159.816
111.869
122.9
63.677
33.7405
59.8828
32.8515
65.1464
62.4808
126.096
159.33
117.599
85.3352
69.5891
52.8212
130.804
68.5302
28.4728
16.3284
33.8928
15.5692
56.5826
114.355
106.506
36.9114
54.5173
42.6643
54.0278
101.258
66.4039
12.0508
66.5269
93.2604
60.6512
16.814
66.3868
55.3534
67.4255
47.2717
49.4994
90.2464
144.883
107.864
70.8991
142.615
102.898
74.0185
185.488
184.138
41.4537
157.807
144.9
40.9797
21.4674
32.4063
41.8997
113.981
57.3983
86.5915
82.1321
60.2918
112.166
54.6792
57.8986
95.894
98.9972
95.8155
151.954
119.841
56.3694
67.003
76.5156
66.0948
65.7116
72.4484
64.2379
55.6628
81.0848
94.1428
56.6467
33.3059
71.6115
172.235
197.006
121.856
85.5467
106.227
79.5806
56.9003
69.2069
81.2783
99.1496
135.168
151.535
104.15
35.777
55.7168
49.7187
19.9218
73.3293
119.668
106.927
88.7444
78.7711
57.3863
68.4705
96.1996
164.187
192.618
115.269
111.344
95.599
42.0945
89.7761
67.3195
43.3079
67.0814
31.7714
64.2986
59.0931
20.5409
53.0227
98.4206
98.3759
75.1351
49.9949
41.8842
98.1319
73.2487
40.71
96.8984
62.137
40.4364
130.264
160.428
118.033
78.8961
54.0716
83.7785
114.182
55.7436
38.0329
72.5695
103.073
85.8182
47.9524
96.8441
87.7466
74.2771
66.2871
90.523
116.097
58.7895
47.0845
118.99
104.418
62.4968
30.4807
33.4713
87.0689
101.552
73.1117
147.846
218.555
163.136
32.4643
73.565
2.20232
63.3711
109.288
142.823
99.964
29.8385
25.1115
14.532
5.49314
37.59
76.0633
79.0831
74.3822
61.6975
46.731
70.0534
42.4996
23.7044
72.9219
114.001
67.3276
74.9665
115.573
53.5481
4.46795
29.7775
115.514
145.356
80.7203
8.50844
72.6417
82.3948
37.5622
31.3236
17.5696
78.6701
109.828
90.6631
91.8018
68.7721
32.249
48.2994
67.8749
99.2032
128.121
91.8101
50.7021
10.3255
66.7918
89.3772
62.71
50.362
60.1155
42.2111
37.572
96.8364
139.803
88.9453
63.9514
115.885
96.2724
157.761
147.324
77.685
103.276
144.918
93.2474
9.89036
81.1008
137.627
63.2683
90.5027
110.11
123.469
85.6739
34.5842
52.6365
89.8129
122.81
104.717
38.35
56.6561
29.0061
83.3849
117.814
77.8402
30.2058
34.0647
72.8354
84.686
110.302
165.164
157.321
55.7178
88.8105
65.0694
34.0897
66.451
84.3188
100.319
117.736
104.516
81.0645
49.7469
37.6775
109.285
126.272
106.39
105.842
86.4614
24.9269
76.4321
72.5882
37.985
108.276
98.0064
88.4282
102.914
13.8259
71.6857
34.5453
71.724
125.078
115.309
83.62
79.3833
112.349
182.297
153.663
107.692
121.259
116.683
32.026
94.6461
50.3211
61.241
55.2874
54.0746
93.6508
49.8644
93.0261
222.651
244.969
167.921
87.8505
107.317
104.06
137.168
145.212
87.0929
130.313
196.795
101.386
4.06843
39.9113
75.4185
65.1118
75.1387
35.2415
76.7018
88.2488
89.8086
74.089
137.718
160.099
68.0041
33.2103
30.3492
25.9155
64.9841
29.4873
65.9087
78.0985
50.521
50.8429
88.1355
118.409
110.396
110.987
93.1539
32.43
103.918
79.4968
55.947
67.1165
102.439
70.4364
144.04
149.8
120.416
147.253
148.336
190.089
213.201
149.956
69.6636
37.1555
82.3655
108.62
48.9728
58.3267
131.501
192
124.476
29.7329
55.8979
22.4733
73.3992
81.1232
44.5921
26.5514
71.7741
93.6029
22.0007
79.053
120.338
124.117
55.856
87.7282
125.581
115.184
93.7375
85.1809
96.7205
166.841
156.31
56.7143
60.2717
89.9666
74.0564
57.5478
32.5076
61.5074
120.333
120.8
65.0322
40.0921
63.1485
110.832
131.977
154.863
174.068
190.402
167.691
42.7425
24.287
13.927
28.0987
20.9821
33.0915
60.6593
57.4437
16.9677
10.7949
15.4485
68.4277
88.1063
35.6922
37.9491
46.719
38.4848
31.5777
40.4367
63.7261
41.5145
98.7172
163.987
98.1767
11.9753
23.5312
6.48761
69.479
113.775
112.152
105.4
69.9592
20.0198
33.0089
67.6793
47.8984
47.3585
117.608
70.2129
31.607
71.0788
73.157
156.313
194.381
100.409
58.774
52.6184
5.45547
56.6093
99.1598
135.492
165.441
143.844
44.7913
63.0243
71.6984
93.5359
122.707
104.523
59.6133
71.6573
21.662
86.0635
68.009
19.451
24.4599
71.4761
94.9777
59.4481
52.0363
73.4092
34.3999
18.8453
89.0453
120.333
93.1135
111.513
82.6955
70.6843
131.045
123.366
74.4343
9.40979
62.0951
35.9296
52.9898
44.7894
18.491
24.9038
56.5299
79.4262
124.657
62.5899
98.2288
64.7606
63.9038
112.475
94.3725
56.6078
30.0604
114.854
93.4972
19.5721
104.869
91.6232
33.5716
108.252
87.8091
71.9737
63.1945
31.5451
43.1518
26.4926
33.1776
66.2064
25.6114
46.3877
58.5691
51.9253
54.3822
27.3136
40.3261
85.4625
86.0261
82.2341
85.1487
63.9149
115.157
168.492
157.926
103.523
44.3952
50.4157
73.6638
104.967
212.569
251.087
138.669
38.4636
59.6701
110.777
101.822
60.7107
89.2637
110.785
71.5483
211.085
209.457
82.0889
27.9216
80.2379
134.368
51.708
75.4472
114.84
107.985
103.017
71.1139
13.5463
62.8917
81.6534
71.6281
95.7598
109.408
67.3937
91.6004
106.667
68.4567
22.4248
74.6182
101.59
45.4994
47.4469
48.6443
74.9321
81.7505
85.8379
77.9777
93.5243
74.3648
7.99955
20.4742
51.8609
84.6428
76.2773
35.4536
110.207
91.8834
42.1146
70.5679
72.9709
14.7668
39.0956
86.456
52.6504
14.9338
84.928
121.148
77.1702
18.8332
43.177
24.7296
29.1328
35.7977
24.9674
44.9408
41.4853
85.1977
79.0345
74.8062
64.6673
110.079
67.9189
131.932
96.6345
46.5494
85.5651
145.24
131.9
49.4451
94.4393
177.458
223.714
225.335
88.7185
89.0813
68.7586
48.3978
58.9996
115.519
170.132
117.073
26.0028
97.7021
149.999
89.5165
84.2215
89.1063
44.9696
74.2717
72.7937
63.8026
96.1787
125.06
124.52
29.3067
99.2437
166.534
150.902
77.94
57.4211
112.922
67.7882
44.8638
67.4949
39.2901
101.477
85.4511
24.4104
23.6228
34.4949
32.3196
25.9547
9.72859
37.6324
61.3658
65.2064
72.4356
43.2473
64.7422
85.4287
84.5225
52.3331
82.4129
95.8639
97.8544
111.627
107.405
67.7122
37.0153
57.7913
49.6639
39.3536
11.2939
71.5734
88.8462
24.8089
31.3968
33.4213
80.6094
135.945
109.674
32.297
82.4927
81.8233
47.7675
60.4159
88.1385
43.0013
43.031
55.0083
25.9475
71.7881
89.536
13.3105
62.2808
28.1439
68.114
74.1762
70.8044
79.6675
82.4505
46.9742
93.1463
66.01
64.742
120.254
103.575
88.8146
45.828
33.5272
71.4078
52.0297
45.8959
72.0446
81.7184
29.2832
105.169
175.83
159.339
116.972
100.652
61.2553
48.2438
87.2914
112.864
118.09
62.1567
70.3317
4.22883
98.5029
91.4447
32.9374
73.5548
29.7243
100.949
129.461
70.5332
51.8415
13.237
49.3654
43.8922
46.8589
68.3186
19.9635
18.9719
37.6477
97.7411
132.65
126.282
101.8
35.5427
74.2779
82.0065
92.8972
127.242
30.2586
48.7495
7.77026
71.1008
74.8592
27.1711
94.8171
98.1096
67.6157
120.353
143.244
100.742
59.7463
61.8088
88.2232
86.7522
28.034
38.4403
68.8024
74.5387
77.5975
61.5696
32.5952
23.1281
49.3685
33.622
30.486
51.2722
62.8366
58.3387
56.7636
49.6522
28.9041
34.3266
73.9275
133.819
134.801
112.904
80.7067
38.5685
68.7312
101.422
173.672
135.65
75.8434
72.176
42.9303
36.9815
86.8454
94.2982
64.0161
27.9188
73.7114
46.5312
43.335
56.5734
53.1894
10.8277
63.1487
114.3
132.707
95.3725
54.4077
110.97
99.3724
50.6779
40.9255
24.3791
33.2227
75.7476
48.0438
77.9156
69.0086
77.556
155.44
83.3317
102.825
162.252
89.1827
42.2547
100.952
140.643
84.7294
28.9531
104.749
113.602
61.0113
56.4657
49.637
16.6379
33.4682
29
33.4682
16.6379
49.637
56.4657
61.0113
113.602
104.749
28.9531
84.7294
140.643
100.952
42.2547
89.1827
162.252
102.825
83.3317
155.44
77.556
69.0086
77.9156
48.0438
75.7476
33.2227
24.3791
40.9255
50.6779
99.3724
110.97
54.4077
95.3725
132.707
114.3
63.1487
10.8277
53.1894
56.5734
43.335
46.5312
73.7114
27.9188
64.0161
94.2982
86.8454
36.9815
42.9303
72.176
75.8434
135.65
173.672
101.422
68.7312
38.5685
80.7067
112.904
134.801
133.819
73.9275
34.3266
28.9041
49.6522
56.7636
58.3387
62.8366
51.2722
30.486
33.622
49.3685
23.1281
32.5952
61.5696
77.5975
74.5387
68.8024
38.4403
28.034
86.7522
88.2232
61.8088
59.7463
100.742
143.244
120.353
67.6157
98.1096
94.8171
27.1711
74.8592
71.1008
7.77026
48.7495
30.2586
127.242
92.8972
82.0065
74.2779
35.5427
101.8
126.282
132.65
97.7411
37.6477
18.9719
19.9635
68.3186
46.8589
43.8922
49.3654
13.237
51.8415
70.5332
129.461
100.949
29.7243
73.5548
32.9374
91.4447
98.5029
4.22883
70.3317
62.1567
118.09
112.864
87.2914
48.2438
61.2553
100.652
116.972
159.339
175.83
105.169
29.2832
81.7184
72.0446
45.8959
52.0297
71.4078
33.5272
45.828
88.8146
103.575
120.254
64.742
66.01
93.1463
46.9742
82.4505
79.6675
70.8044
74.1762
68.114
28.1439
62.2808
13.3105
89.536
71.7881
25.9475
55.0083
43.031
43.0013
88.1385
60.4159
47.7675
81.8233
82.4927
32.297
109.674
135.945
80.6094
33.4213
31.3968
24.8089
88.8462
71.5734
11.2939
39.3536
49.6639
57.7913
37.0153
67.7122
107.405
111.627
97.8544
95.8639
82.4129
52.3331
84.5225
85.4287
64.7422
43.2473
72.4356
65.2064
61.3658
37.6324
9.72859
25.9547
32.3196
34.4949
23.6228
24.4104
85.4511
101.477
39.2901
67.4949
44.8638
67.7882
112.922
57.4211
77.94
150.902
166.534
99.2437
29.3067
124.52
125.06
96.1787
63.8026
72.7937
74.2717
44.9696
89.1063
84.2215
89.5165
149.999
97.7021
26.0028
117.073
170.132
115.519
58.9996
48.3978
68.7586
89.0813
88.7185
225.335
223.714
177.458
94.4393
49.4451
131.9
145.24
85.5651
46.5494
96.6345
131.932
67.9189
110.079
64.6673
74.8062
79.0345
85.1977
41.4853
44.9408
24.9674
35.7977
29.1328
24.7296
43.177
18.8332
77.1702
121.148
84.928
14.9338
52.6504
86.456
39.0956
14.7668
72.9709
70.5679
42.1146
91.8834
110.207
35.4536
76.2773
84.6428
51.8609
20.4742
7.99955
74.3648
93.5243
77.9777
85.8379
81.7505
74.9321
48.6443
47.4469
45.4994
101.59
74.6182
22.4248
68.4567
106.667
91.6004
67.3937
109.408
95.7598
71.6281
81.6534
62.8917
13.5463
71.1139
103.017
107.985
114.84
75.4472
51.708
134.368
80.2379
27.9216
82.0889
209.457
211.085
71.5483
110.785
89.2637
60.7107
101.822
110.777
59.6701
38.4636
138.669
251.087
212.569
104.967
73.6638
50.4157
44.3952
103.523
157.926
168.492
115.157
63.9149
85.1487
82.2341
86.0261
85.4625
40.3261
27.3136
54.3822
51.9253
58.5691
46.3877
25.6114
66.2064
33.1776
26.4926
43.1518
31.5451
63.1945
71.9737
87.8091
108.252
33.5716
91.6232
104.869
19.5721
93.4972
114.854
30.0604
56.6078
94.3725
112.475
63.9038
64.7606
98.2288
62.5899
124.657
79.4262
56.5299
24.9038
18.491
44.7894
52.9898
35.9296
62.0951
9.40979
74.4343
123.366
131.045
70.6843
82.6955
111.513
93.1135
120.333
89.0453
18.8453
34.3999
73.4092
52.0363
59.4481
94.9777
71.4761
24.4599
19.451
68.009
86.0635
21.662
71.6573
59.6133
104.523
122.707
93.5359
71.6984
63.0243
44.7913
143.844
165.441
135.492
99.1598
56.6093
5.45547
52.6184
58.774
100.409
194.381
156.313
73.157
71.0788
31.607
70.2129
117.608
47.3585
47.8984
67.6793
33.0089
20.0198
69.9592
105.4
112.152
113.775
69.479
6.48761
23.5312
11.9753
98.1767
163.987
98.7172
41.5145
63.7261
40.4367
31.5777
38.4848
46.719
37.9491
35.6922
88.1063
68.4277
15.4485
10.7949
16.9677
57.4437
60.6593
33.0915
20.9821
28.0987
13.927
24.287
42.7425
167.691
190.402
174.068
154.863
131.977
110.832
63.1485
40.0921
65.0322
120.8
120.333
61.5074
32.5076
57.5478
74.0564
89.9666
60.2717
56.7143
156.31
166.841
96.7205
85.1809
93.7375
115.184
125.581
87.7282
55.856
124.117
120.338
79.053
22.0007
93.6029
71.7741
26.5514
44.5921
81.1232
73.3992
22.4733
55.8979
29.7329
124.476
192
131.501
58.3267
48.9728
108.62
82.3655
37.1555
69.6636
149.956
213.201
190.089
148.336
147.253
120.416
149.8
144.04
70.4364
102.439
67.1165
55.947
79.4968
103.918
32.43
93.1539
110.987
110.396
118.409
88.1355
50.8429
50.521
78.0985
65.9087
29.4873
64.9841
25.9155
30.3492
33.2103
68.0041
160.099
137.718
74.089
89.8086
88.2488
76.7018
35.2415
75.1387
65.1118
75.4185
39.9113
4.06843
101.386
196.795
130.313
87.0929
145.212
137.168
104.06
107.317
87.8505
167.921
244.969
222.651
93.0261
49.8644
93.6508
54.0746
55.2874
61.241
50.3211
94.6461
32.026
116.683
121.259
107.692
153.663
182.297
112.349
79.3833
83.62
115.309
125.078
71.724
34.5453
71.6857
13.8259
102.914
88.4282
98.0064
108.276
37.985
72.5882
76.4321
24.9269
86.4614
105.842
106.39
126.272
109.285
37.6775
49.7469
81.0645
104.516
117.736
100.319
84.3188
66.451
34.0897
65.0694
88.8105
55.7178
157.321
165.164
110.302
84.686
72.8354
34.0647
30.2058
77.8402
117.814
83.3849
29.0061
56.6561
38.35
104.717
122.81
89.8129
52.6365
34.5842
85.6739
123.469
110.11
90.5027
63.2683
137.627
81.1008
9.89036
93.2474
144.918
103.276
77.685
147.324
157.761
96.2724
115.885
63.9514
88.9453
139.803
96.8364
37.572
42.2111
60.1155
50.362
62.71
89.3772
66.7918
10.3255
50.7021
91.8101
128.121
99.2032
67.8749
48.2994
32.249
68.7721
91.8018
90.6631
109.828
78.6701
17.5696
31.3236
37.5622
82.3948
72.6417
8.50844
80.7203
145.356
115.514
29.7775
4.46795
53.5481
115.573
74.9665
67.3276
114.001
72.9219
23.7044
42.4996
70.0534
46.731
61.6975
74.3822
79.0831
76.0633
37.59
5.49314
14.532
25.1115
29.8385
99.964
142.823
109.288
63.3711
2.20232
73.565
32.4643
163.136
218.555
147.846
73.1117
101.552
87.0689
33.4713
30.4807
62.4968
104.418
118.99
47.0845
58.7895
116.097
90.523
66.2871
74.2771
87.7466
96.8441
47.9524
85.8182
103.073
72.5695
38.0329
55.7436
114.182
83.7785
54.0716
78.8961
118.033
160.428
130.264
40.4364
62.137
96.8984
40.71
73.2487
98.1319
41.8842
49.9949
75.1351
98.3759
98.4206
53.0227
20.5409
59.0931
64.2986
31.7714
67.0814
43.3079
67.3195
89.7761
42.0945
95.599
111.344
115.269
192.618
164.187
96.1996
68.4705
57.3863
78.7711
88.7444
106.927
119.668
73.3293
19.9218
49.7187
55.7168
35.777
104.15
151.535
135.168
99.1496
81.2783
69.2069
56.9003
79.5806
106.227
85.5467
121.856
197.006
172.235
71.6115
33.3059
56.6467
94.1428
81.0848
55.6628
64.2379
72.4484
65.7116
66.0948
76.5156
67.003
56.3694
119.841
151.954
95.8155
98.9972
95.894
57.8986
54.6792
112.166
60.2918
82.1321
86.5915
57.3983
113.981
41.8997
32.4063
21.4674
40.9797
144.9
157.807
41.4537
184.138
185.488
74.0185
102.898
142.615
70.8991
107.864
144.883
90.2464
49.4994
47.2717
67.4255
55.3534
66.3868
16.814
60.6512
93.2604
66.5269
12.0508
66.4039
101.258
54.0278
42.6643
54.5173
36.9114
106.506
114.355
56.5826
15.5692
33.8928
16.3284
28.4728
68.5302
130.804
52.8212
69.5891
85.3352
117.599
159.33
126.096
62.4808
65.1464
32.8515
59.8828
33.7405
63.677
122.9
111.869
159.816
177.359
135.585
62.0581
76.1503
125.714
127.272
166.047
153.793
93.0746
46.7109
36.4295
30.3501
14.8468
68.2878
132.696
168.845
149.417
80.3162
99.7096
53.4984
25.6812
51.736
64.4531
24.1901
63.1314
88.6644
73.3793
93.2492
156.314
142.653
91.5593
29.6241
23.9822
107.798
52.2149
103.041
132.691
50.2245
56.2478
54.7039
16.8952
82.7579
83.8587
91.1402
117.373
68.3619
14.0208
100.844
66.9083
49.867
30.1795
70.6584
99.0905
77.5684
45.7913
81.613
85.1303
44.8545
12.9357
81.43
157.197
77.6668
60.3448
69.5627
101.036
115.597
87.8251
62.0189
36.6584
61.7212
83.3795
26.0024
25.3672
29.054
8.90167
15.5117
46.7319
47.0457
65.5493
95.1171
121.012
120.781
103.747
77.1138
85.953
87.2699
19.7301
52.0979
56.6619
22.4742
35.0703
48.5194
73.2933
66.1177
9.8942
18.1262
74.1345
73.6588
86.5694
139.562
110.168
10.3073
104.418
102.491
68.7311
76.935
93.0171
85.6715
47.4421
39.9536
57.2497
17.1525
92.2636
122.67
51.91
71.7268
130.796
122.769
83.7238
18.5064
100.247
110.867
65.0913
49.1561
39.5175
35.8047
107.422
96.3592
20.7641
53.5951
51.984
33.8459
102.009
137.249
59.9895
90.1946
175.295
184.245
101.054
48.8246
40.3691
57.5741
92.8768
58.7153
132.414
132.201
50.0836
115.14
83.2138
48.1632
85.0426
53.1641
51.4167
76.912
97.3858
56.3487
77.105
102.734
46.2202
49.0811
99.5318
113.721
70.9085
77.8639
115.793
83.2189
39.9763
102.977
111.817
72.984
60.0035
40.8175
91.5083
105.472
79.1616
67.6547
115.072
118.335
98.5189
153.485
125.527
53.2283
55.3257
38.4902
60.1182
120.578
128.99
110.17
68.0762
9.97742
72.9294
101.663
14.8157
148.053
134.488
71.1853
57.5101
12.4251
16.3428
66.366
97.0594
20.2735
95.7463
120.269
126.704
86.6049
69.3827
116.931
96.2073
97.2062
108.735
26.0676
61.9361
65.0611
109.633
80.8528
35.0916
23.3102
32.0591
81.9677
129.374
108.413
41.712
55.5003
90.6343
90.9416
65.8332
65.4592
50.1281
47.9665
25.7881
16.5557
104.042
117.513
82.9444
52.88
25.5683
64.6969
103.053
77.1648
120.439
133.771
119.418
55.2476
89.298
130.288
103.239
98.6888
61.282
73.9252
33.3255
26.7502
36.0822
123.671
159.476
181.624
130.87
31.6266
93.5054
107.249
54.3727
56.7008
170.061
188.462
126.404
96.0346
61.1302
69.8238
96.1708
115.277
123.819
117.96
97.8039
104.743
92.9744
105.147
115.774
99.6114
165.361
116.678
41.4281
57.8796
47.245
58.5636
128.398
180.55
192.8
107.469
64.3863
151.258
88.4993
109.78
130.179
81.3343
25.6657
36.9843
62.2272
52.4561
119.548
102.945
122.238
123.1
58.8837
31.428
46.2701
31.9093
42.8496
35.9776
77.1752
66.0253
54.3708
58.3741
89.1017
67.885
63.5082
60.5247
95.8364
154.402
170.195
149.594
71.4842
41.9789
20.2809
91.3239
160.034
154.971
54.6374
36.2853
18.5303
69.5162
140.441
132.621
130.162
106.304
107.123
108.872
70.1378
81.0657
78.9055
161.698
157.657
126.523
88.9369
153.296
223.533
153.28
152.449
165.878
83.3676
26.3
102.627
136.672
104.293
90.771
136.93
136.689
70.9493
101.194
66.1025
61.679
90.3095
12.8678
59.1326
77.181
97.8959
23.1422
84.9075
102.999
82.0169
125.903
56.056
47.5324
52.1067
37.1939
95.7999
120.034
21.496
62.4094
99.4182
63.4903
70.5627
131.979
120.86
29.7004
113.258
78.6793
36.0292
24.2818
55.3119
112.214
82.9765
16.4796
44.8969
61.4602
13.5024
83.454
137.528
108.325
21.3795
111.303
149.982
45.3045
141.411
98.3059
103.253
162.473
136.23
116.571
97.0396
55.1063
128.034
131.487
14.6848
85.4434
119.619
57.9158
27.2404
18.4867
49.804
139.955
216.136
214.637
154.651
114.878
105.263
98.5985
102.334
132.616
146.681
76.8685
45.4112
64.2384
103.317
71.6262
141.72
110.744
47.2603
129.962
180.229
151.308
80.29
152.411
127.128
122.323
126.869
93.4564
34.5367
111.954
77.0591
43.3158
63.5001
23.6949
126.174
178.513
113.957
28.8973
30.8637
70.4252
74.4509
99.3133
146.618
115.61
66.7247
158.176
171.127
45.5523
76.5358
47.6703
37.5116
51.0429
54.8785
74.3214
79.5927
86.0265
72.2511
27.8686
41.8562
88.9128
28.5177
81.7155
75.2171
27.4932
42.8671
140.823
106.658
25.8104
72.0798
83.2154
97.6369
62.2558
38.3827
46.2784
97.5492
83.4978
7.25608
43.878
57.996
39.3359
65.871
72.4906
121.701
142.916
135.457
152.55
145.013
68.9059
127.361
128.471
39.707
79.4467
62.8937
21.2007
11.217
39.0952
100.783
141.291
147.259
97.8663
59.6697
91.4711
12.8949
77.43
87.0632
100.235
132.629
120.769
86.6317
66.9155
23.8079
85.4346
130.305
77.9398
26.583
26.6949
70.4073
110.204
134.074
173.538
134.079
77.9678
41.2134
20.2884
2.09118
21.2762
74.0026
102.737
62.695
10.3137
41.8731
23.2343
39.3741
113.231
138.442
111.623
51.9604
37.3587
115.659
131.496
79.345
47.2118
81.4126
99.783
76.1106
58.8453
88.19
124.563
138.32
108.136
102.448
115.348
102.835
105.012
76.3196
34.3707
44.4326
78.9917
103.272
101.806
52.6657
5.6693
53.1265
87.459
39.9116
61.0978
54.3943
68.2949
83.51
70.7341
45.1135
40.4466
90.4987
94.4637
6.55648
69.7281
33.7573
87.0969
139.921
72.5143
49.4144
54.8623
64.3639
93.853
197.794
199.954
63.8145
58.1593
42.8081
55.0332
7.08484
119.664
190.101
154.078
61.9861
32.4553
36.2526
27.3792
83.0004
57.2029
59.0701
36.3318
73.3968
51.2303
82.954
118.596
84.876
78.6261
82.0922
30.5087
124.44
191.748
113.342
85.4565
202.316
186.538
108.263
78.7898
150.676
136.585
48.297
29.2798
25.7663
33.7304
34.7367
64.7408
107.845
60.2513
40.9616
86.5776
70.597
77.2555
68.2747
31.0552
109.19
88.6571
54.8663
82.8117
114.128
76.0454
36.4537
62.9824
135.544
105.202
151.295
143.442
156.427
138.722
69.7921
42.2827
81.2691
92.3727
137.799
154.764
97.944
73.7479
187.442
143.769
63.3087
50.9951
63.1039
73.2918
48.4509
64.2243
110.507
109.11
134.604
137.561
48.5766
113.959
140.534
52.1328
162.108
128.567
44.987
105.412
219.939
176.414
73.0042
70.447
79.7532
32.1149
56.0041
77.9594
13.318
26.217
26.5554
20.5814
17.063
112.812
143.921
129.858
132.58
98.4916
28.4972
140.681
139.508
27.0121
71.2146
102.223
90.2388
57.6795
58.9334
62.9714
56.6544
31.0343
23.7276
19.9335
17.5473
13.9301
41.0295
61.6254
49.8858
97.2481
147.885
96.9622
36.8516
56.2016
45.7
108.54
152.36
121.154
76.9651
28.7618
55.807
120.884
90.2415
60.3291
102.723
34.892
52.4788
29.8364
92.4404
140.236
174.807
198.616
139.899
80.1979
127.059
75.1799
35.7778
42.7128
11.6873
32.9531
57.6877
51.6934
92.4525
166.82
100.394
98.5772
144.444
70.8966
10.1033
20.2527
49.3136
48.5815
14.7471
59.6553
57.0461
78.1328
88.3204
152.466
143.407
71.3679
64.0365
67.1648
29.5017
57.5304
55.8719
27.1356
8.89775
51.4301
89.05
89.9868
94.4311
56.3612
38.2435
40.0484
54.2237
137.334
162.976
80.5197
112.272
179.312
162.422
81.901
34.1048
123.415
91.0216
52.5288
102.188
40.4264
38.976
66.4812
14.533
60.0478
80.999
37.1439
39.9692
78.0918
77.7016
18.4295
50.4766
47.9335
50.9043
132.048
202.903
119.555
17.6904
83.2151
102.458
107.425
55.6979
41.4459
51.1254
28.7114
111.495
151.43
80.18
28.0741
53.1578
77.6394
100.651
111.408
14.2129
110.354
89.5749
33.2069
66.3817
50.9111
60.14
35.623
105.043
178.139
182.667
96.235
27.3186
25.7141
35.7707
38.5553
140.258
144.254
60.5908
26.6502
44.7111
46.7633
78.7031
80.8532
63.6067
54.032
27.0142
70.8242
42.2864
88.2115
162.371
221.591
185.941
91.4491
61.9535
55.5102
67.1204
83.7051
70.4586
137.336
261.523
255.547
130.107
86.2922
24.5995
67.1896
83.488
76.9179
73.1028
48.9867
84.9072
136.756
96.1717
23.1346
35.1135
86.406
97.4331
62.1141
41.617
53.235
19.448
86.8078
42.1595
86.1011
103.64
37.8994
84.4076
79.0376
80.8132
55.5566
92.5668
100.497
91.4938
80.4552
17.5017
85.8326
57.2989
48.1264
125.813
144.532
75.2115
56.7596
64.4243
109.798
114.311
46.9567
34.2453
27.6075
76.6196
70.0777
58.6656
22.6178
16.3293
10.5753
26.6928
93.7298
90.9425
55.3363
83.0948
149.266
103.603
24.5127
23.1599
80.1076
110.317
113.718
95.0889
32.1209
23.6368
67.5014
74.6068
27.1496
18.3293
55.6275
54.6106
35.1438
37.0737
68.9304
70.1858
69.1431
94.5243
149.528
123.018
59.4978
87.7782
96.5014
57.7147
10.907
75.3757
110.65
149.531
113.391
55.7164
54.1338
55.565
37.9053
55.3527
64.0968
23.4761
36.9209
86.8432
108.023
86.763
125.908
111.203
60.0191
128.829
52.2054
50.2985
64.319
61.838
46.7534
55.9801
56.3464
73.2643
76.2524
17.6581
61.6991
99.3216
63.8188
47.5424
96.3795
93.7493
40.6948
35.8343
45.1509
136.915
90.9507
47.1408
146.552
133.845
112.564
62.6849
13.7071
90.6917
132.934
55.3215
112.82
163.371
103.145
48.7118
31.0977
17.9923
59.6195
86.7613
62.5735
129.985
69.5889
69.814
34.7398
41.1209
97.5648
84.8365
19.7193
40.4579
21.515
71.9277
93.9547
96.2991
44.5648
168.091
188.282
129.471
87.7582
81.2953
128.937
78.9368
44.1091
81.7287
76.4154
72.6657
126.872
109.831
62.9236
160.501
49.7708
60.8531
30.6798
95.897
107.868
87.3276
104.255
108.276
180.245
89.7035
87.2655
170.686
188.059
116.75
99.0074
105.864
78.625
63.5835
63.3564
30.7244
25.2512
73.1446
107.509
86.2108
91.8082
141.231
167.063
111.394
38.1808
37.8208
43.0697
36.7667
31.052
78.5568
148.225
99.9246
71.6745
119.673
83.8339
116.878
106.439
97.3924
33.0915
69.1186
96.8507
70.1242
17.8933
28.8809
18.6464
56.2242
80.4829
76.6029
18.4478
70.1302
101.545
114.474
116.524
86.1125
85.9123
97.0524
66.8561
31.4326
49.4931
102.499
108.136
75.8768
108.463
110.433
109.317
48.6492
27.2482
28.9942
57.4872
103.476
74.3679
37.5
31.3039
87.4541
90.7338
63.3007
158.566
183.638
105.892
64.8569
65.5046
59.8747
44.7431
15.464
68.3149
46.0885
49.3024
75.1117
104.192
97.0873
160.302
128.619
75.7544
67.5512
117.31
126.717
152.135
95.853
161.264
149.443
88.4872
55.8202
28.6393
92.9606
107.65
104.246
105.891
89.6544
59.4233
129.826
164.98
89.0094
29.2423
40.9756
55.55
81.2738
76.0521
116.917
84.7765
145.707
142.741
42.9459
43.6442
79.1733
81.4495
14.2106
126.454
178.484
73.9628
64.4246
40.5171
36.7204
52.7744
108.008
99.2537
93.872
120.666
95.217
56.6808
72.5971
67.1059
62.5449
110.005
68.3899
23.8734
47.1789
86.006
109.076
113.208
80.3341
27.1194
33.75
54.2769
32.4714
48.5478
78.9227
79.4937
79.2241
68.443
87.7747
93.5572
110.319
46.2786
95.0245
121.698
104.508
78.1965
63.9274
57.121
43.3372
19.8379
88.3324
162.108
122.762
41.7378
75.0324
49.3279
11.7367
77.6041
121.456
111.111
68.1863
11.8914
61.8458
101.54
98.3228
75.922
48.5243
54.1282
91.2382
146.263
111.337
62.9937
166.544
197.499
157.642
107.948
91.2517
127.83
109.385
22.7314
110.215
94.9578
38.0862
44.11
53.2611
43.7885
50.9924
42.5731
91.8067
116.181
75.1774
66.8931
78.6398
84.1631
100.29
100.532
44.8443
29.8659
29.7203
24.3135
95.0015
133.373
60.1283
59.1726
97.9045
79.7772
62.5576
17.0366
63.8798
68.9262
44.3945
126.184
167.973
142.52
71.9555
13.3151
68.8735
100.691
97.2064
56.0489
103.786
54.0829
57.7461
54.4686
78.3552
88.3071
49.0546
59.2016
61.3905
15.7903
10.9774
1.85059
31.2966
89.2905
83.8516
14.2107
55.6664
84.3919
91.6007
32.863
41.0524
107.189
68.7231
60.3747
62.905
70.1669
47.3442
81.2656
181.773
202.217
54.8068
97.2195
96.5126
5.54973
71.6388
78.313
54.8744
80.1884
66.0101
15.4774
120.517
130.908
43.0669
30.5257
60.7928
115.306
124.739
18.1791
113.89
62.912
70.1069
87.1325
115.6
114.874
60.4066
75.6315
90.6178
61.696
34.2172
36.0132
51.066
94.2708
148.91
128.651
23.6532
138.536
114.45
113.94
187.659
135.425
57.3779
111.126
117.598
141.765
154.709
122.814
92.0739
54.9714
103.846
107.875
82.1827
36.1022
68.1432
109.938
95.81
111.384
130.607
89.1714
17.0292
97.7956
105.766
69.4706
24.3606
49.2454
125.005
134.404
84.5635
68.3047
84.5951
83.4216
43.9906
36.4066
28.0726
63.4481
36.9138
98.4385
141.417
77.1095
58.0385
72.8903
64.7533
5.50225
49.7901
79.5605
61.896
84.2681
85.93
103.569
87.4054
22.3104
25.9866
38.4773
98.7648
60.3351
144.078
190.251
102.33
122.515
87.2003
37.6584
17.6542
53.9195
64.45
79.6727
121.881
174.804
140.25
64.8611
67.6388
75.7314
101.434
94.5869
18.2354
95.7705
81.7423
124.783
147.74
32.9915
56.1611
81.9569
103.086
86.2147
69.7306
95.4717
77.6313
86.9766
126.953
131.125
97.1119
74.417
54.2246
42.6556
87.5322
78.2591
88.892
84.9895
87.2738
96.3689
74.5825
22.7731
47.2121
60.3124
39.4501
58.7498
117.214
111.432
109.256
31.545
75.1584
93.6438
68.973
54.8981
39.7648
48.0339
33.1903
20.3773
95.7676
159.518
143.755
133.093
78.3547
58.2324
71.4773
35.9283
54.1907
89.9711
89.3846
80.4002
122.847
87.1187
22.6316
62.8857
117.255
82.4715
42.3362
70.8735
38.7133
52.462
35.7058
20.8145
46.9216
73.3805
51.9055
146.019
160.133
98.1622
62.5814
51.1298
62.7257
73.0822
28.8734
53.5672
30.4388
9.79913
27.1489
37.9246
19.8875
55.4297
64.3182
83.3297
108.139
82.7822
74.0695
91.9421
114.028
104.596
56.9234
52.3064
118.895
99.8197
53.9392
10.1962
57.5444
96.1414
58.9598
31.0008
73.7085
103.325
91.3891
38.0393
25.0446
39.1577
57.5626
94.0908
124.523
133.695
30.4584
117.968
85.4783
43.4078
110.397
113.524
104.103
64.9033
38.1231
100.083
57.8497
64.6866
73.2891
81.9491
110.224
91.5831
89.5187
131.706
148.307
66.4222
26.5837
66.1521
120.911
51.135
71.4913
101.068
83.2922
64.7095
72.9117
37.683
98.8697
94.3484
55.222
57.6789
131.687
232.106
231.592
147.895
54.6216
52.5049
138.288
108.769
65.039
39.6773
49.8657
109.224
69.0948
28.1717
33.621
34.2261
57.6802
5.41438
41.4571
85.6679
132.932
64.7017
14.1165
45.133
86.5899
102.658
76.7805
37.308
52.5619
72.2849
24.4063
40.9688
35.4754
101.515
101.126
25.2379
43.1098
58.8414
109.214
91.1249
73.8225
112.417
88.8491
24.0909
80.6478
70.2461
28.7838
61.0811
108.55
79.0232
28.064
54.9839
80.3275
63.8771
47.0262
28.299
73.5392
50.9979
55.6911
79.1238
120.697
130.942
70.7671
4.41811
69.8407
109.052
98.8806
123.977
125.968
109.118
107.336
126.769
48.2907
44.9047
70.3391
106.767
97.8574
68.2537
80.7499
86.5411
82.4774
53.0862
20.2874
70.4144
86.0416
84.0112
99.0043
98.3844
69.5056
67.141
67.2574
32.8295
17.3823
44.9247
66.4779
79.1391
63.1372
33.165
46.3186
107.615
127.373
95.6495
75.8135
67.4522
147.848
131.162
47.4379
114.115
99.3518
37.9882
49.942
87.464
65.1984
34.9557
71.6198
37.2601
26.9304
85.0177
137.133
105.709
47.3726
60.234
59.494
11.2379
102.232
137.22
98.756
96.4756
53.9911
44.2467
50.8151
37.5278
33.1771
31.3224
91.1263
128.781
53.5757
27.6997
25.7771
44.4648
71.2898
15.6825
86.6467
82.8001
50.7475
53.9605
99.7486
110.784
29.9967
90.3781
116.609
161.465
132.812
94.9722
131.82
99.4267
66.0095
20.7512
67.3245
50.1713
65.7595
106.741
115.933
149.627
126.156
76.6326
69.4448
127.28
101.543
77.0964
35.7945
94.7941
62.1028
60.2193
135.833
105.392
25.411
36.0535
5.32909
71.3406
126.877
171.422
112.41
110.75
172.814
56.0876
117.325
53.0751
92.0072
113.335
32.3297
25.1137
68.036
108.651
96.7072
135.925
193.744
170.419
82.8663
78.4789
91.7898
30.0364
117.611
237.438
166.921
75.4927
158.833
109.085
108.982
75.5301
80.7559
171.297
102.508
32.9445
25.6034
33.1934
42.5966
43.1407
15.3113
78.8739
105.53
90.6596
69.8741
14.7249
56.451
71.8491
70.6143
84.7063
88.5547
67.2682
62.0724
66.0541
17.768
97.5175
96.1038
46.9171
138.494
112.625
62.7049
45.0439
26.5267
70.539
77.2134
97.1078
148.079
161.535
90.5769
43.7711
113.216
92.7913
86.0759
144.332
102.904
84.7251
61.6307
12.9873
26.1965
38.5544
53.7435
54.7424
12.6802
60.462
106.762
83.4142
46.5379
92.1949
34.5373
99.9042
45.2426
77.9344
106.351
40.3309
29.6326
13.4692
53.043
52.5581
99.3225
103.713
66.8071
51.8238
74.2832
89.4791
82.9525
74.4885
43.8944
67.4803
103.205
92.5865
67.8854
63.7581
107.637
129.114
111.113
104.151
73.6356
86.452
151.117
150.878
65.4558
125.325
128.08
143.31
161.155
106.87
174.222
225.446
231.918
154.983
58.1315
86.6392
95.7857
163.869
127.448
67.8278
27.6857
71.8424
17.531
34.5928
2.80489
42.6753
53.1549
51.8265
28.4904
62.4949
80.2854
59.9581
46.1294
48.509
120.193
98.0441
115.002
102.371
60.0892
93.5835
80.3083
54.7758
80.0403
87.6624
141.144
138.652
79.657
16.1424
49.3925
117.957
127.565
125.103
134.844
103.472
78.2367
83.5074
46.4884
9.73882
45.5016
25.6055
36.4282
36.6963
12.2351
48.168
32.0143
78.3813
97.4352
65.8665
54.881
55.4099
48.7034
47.858
82.9284
153.706
121.026
32.4858
62.3822
45.5645
49.5192
67.2622
61.3389
24.4997
44.9348
106.587
112.484
44.2592
48.226
48.6891
52.6188
64.539
20.9407
66.277
76.2462
52.2021
77.6013
99.5313
59.2843
55.2755
134.391
134.125
24.807
96.1506
105.763
73.2498
36.8265
66.6895
60.137
43.6377
89.5085
92.1721
139.631
151.476
120.472
78.0891
89.0449
137.825
114.595
126.44
141.977
90.2166
77.4093
37.2236
86.3886
125.128
138.807
171.967
121.368
113.371
68.4177
81.3588
146.612
80.3264
61.4826
94.5257
85.275
90.3118
76.5656
78.1998
70.068
32.4759
45.6389
31.6972
37.8252
59.2488
8.34368
31.9699
35.6761
24.9289
31.0501
85.8812
89.9706
54.5223
111.353
158.921
137.851
80.0012
86.2506
165.569
100.294
64.975
32.7922
30.8749
70.3185
51.3738
23.9535
65.5539
100.063
103.6
170.536
114.288
81.8332
199.08
151.254
38.1353
136.724
150.951
47.5138
27.6697
27.0574
19.4606
79.9037
134.315
146.731
70.7427
12.9223
17.0283
130.737
184.871
93.2506
126.662
123.43
48.583
134.433
132.917
41.5892
44.3145
22.6769
63.6279
70.2747
81.9337
85.7395
73.3613
54.4528
39.4543
58.2616
71.0489
20.5263
43.2497
46.4769
100.66
92.8446
67.6149
121.972
58.3818
42.3984
74.7563
144.026
180.066
185.389
150.363
41.6942
76.4842
84.481
70.6834
132.353
159.452
157.78
126.914
92.0644
71.6447
86.5295
20.0517
83.4862
64.965
99.5231
119.36
71.5428
99.1642
138.277
68.5558
135.162
96.1688
63.2935
41.5901
77.3419
12.857
152.8
197.854
135.735
113.398
113.792
77.9051
52.887
25.7562
29.9139
76.9358
76.1711
54.2043
62.7053
19.1236
43.0924
47.2395
40.5089
78.6822
117.442
113.578
104.585
101.229
68.5451
11.1826
50.9806
37.5901
27.9776
59.4622
42.0687
86.5535
44.3719
56.6833
22.6956
81.8181
143.455
139.624
92.2961
78.2032
69.938
64.4108
31.3793
31.3778
49.6929
95.7725
97.4468
88.6154
99.0839
63.4975
105.899
131.087
100.603
39.678
83.6544
111.879
76.2169
8.22594
36.7154
4.74897
27.2204
43.4842
86.8942
93.1525
126.943
109.186
94.8102
67.9653
37.8454
13.9784
60.9943
103.517
170.639
143.826
53.6952
52.8542
79.4859
123.825
69.7707
77.1382
138.333
105.062
147.736
122.045
65.5939
63.7333
27.0303
92.9967
65.854
85.5473
112.114
136.741
100.311
39.2433
176.894
198.993
146.639
149.111
83.1038
106.288
139.783
93.9545
73.6076
86.4298
83.7128
38.5912
58.7319
107.726
43.8088
43.7411
52.9078
28.5494
95.3513
95.8923
36.9472
56.1212
86.1839
136.44
176.434
107.186
16.5376
90.5528
145.637
136.039
75.1035
27.9408
48.62
45.7835
28.017
79.3389
179.343
165.476
100.638
63.4877
105.189
118.742
56.2545
54.4961
61.1074
28.8566
36.8636
86.5354
137.687
148.99
102.655
43.7563
56.6194
126.031
125.908
71.108
104.928
74.471
60.3569
105.387
53.867
87.441
63.9509
145.123
126.24
98.731
72.6664
22.6737
79.5953
99.4878
114.626
104.966
57.7532
39.7502
10.3594
31.6628
57.9063
69.7175
67.4307
64.8655
110.296
94.6781
81.6515
53.4549
65.3908
136.721
71.1284
10.5818
26.5296
32.2072
26.0375
83.9556
113.097
52.3278
24.6371
63.5592
100.521
85.2528
76.1863
121.984
95.2957
51.9147
52.7439
138.924
145.714
31.2933
74.6118
35.727
12.4543
21.9624
47.0837
65.8092
14.0205
119.169
179.26
120.132
58.37
132.574
81.397
74.3489
113.527
140.572
96.0312
88.5225
101.941
141.938
221.157
222.84
189.683
140.515
92.0949
69.8719
33.8969
62.554
130.731
143.348
63.9773
44.804
45.8637
91.1616
89.7201
47.5947
52.0164
42.0296
34.563
4.56029
61.2071
73.3828
74.9058
72.1492
63.0953
38.3861
60.8475
46.4424
53.1746
102.994
112.692
56.5385
39.875
80.026
91.5646
49.6929
36.0372
93.4918
101.987
71.8849
22.3644
29.9151
30.4633
20.792
73.8087
104.619
86.701
71.6995
74.7339
56.2608
73.0635
106.813
57.1097
78.9774
146.777
94.5753
86.7994
140.967
139.549
111.535
95.6363
32.4063
62.2117
24.7086
75.4147
41.5728
64.1093
108.629
16.6248
96.7429
63.2537
57.4291
98.3737
128.072
163.784
128.084
55.7057
132.109
146.938
80.2162
33.5503
107.494
127.295
90.9702
68.9311
58.2453
75.676
166.912
67.2117
92.2714
141.226
126.926
54.8655
195.155
150.552
45.5976
24.7836
42.0736
67.6263
62.3519
141.47
215.948
122.665
185.837
281.749
113.584
248.235
237.185
33.8493
70.8465
73.9602
99.2189
44.8931
126.012
68.9035
94.928
90.5789
55.2087
41.6975
101.128
114.452
75.6961
26.9081
29.5512
15.2315
75.8175
99.3531
92.5638
38.6595
20.8382
51.4405
77.3842
18.3582
76.8128
89.2122
79.8833
43.2381
58.2086
61.1279
79.0295
44.5517
52.0808
88.2559
106.935
69.4918
52.8663
63.4781
51.6974
10.5966
38.6443
68.6341
113.666
122.026
45.9409
51.6607
40.8064
21.6277
53.2862
67.25
56.5627
17.9136
45.6406
42.6013
22.0783
94.4214
88.7939
19.9459
57.5987
57.9602
25.4596
69.0185
50.5003
35.6347
81.6627
54.0766
21.4578
74.2683
96.4727
48.1945
44.1047
32.3873
22.1079
26.6198
50.7262
60.5295
36.878
81.8216
78.6091
27.5631
57.8467
118.142
109.936
55.4209
136.412
138.052
108.089
49.4541
31.4647
79.1235
60.0068
63.7383
110.833
54.4709
62.2423
92.7523
106.078
133.639
146.155
120.633
155.485
169.145
221.19
142.369
74.0021
86.9777
112.071
121.417
109.961
128.313
90.8901
75.7009
123.152
99.6511
29.9529
26.2727
59.2032
73.0286
60.5147
76.2401
78.7437
25.4271
60.9358
60.1063
80.5374
101.866
66.3328
41.0912
91.1215
41.8809
49.8316
52.7369
36.3124
44.2177
47.221
53.2471
45.7498
53.375
48.2143
58.9932
67.3232
9.97243
59.1041
38.5175
59.5893
58.4583
87.4282
44.5296
44.1897
42.7448
80.2917
103.225
45.4561
12.4748
21.2442
15.8248
65.1366
76.1743
26.0946
55.2153
52.5943
23.9597
76.9767
76.7438
93.3371
59.2851
37.1633
61.4664
116.031
64.9509
24.2781
42.6975
10.325
18.8473
35.3433
37.5751
34.7462
51.5683
41.6366
43.9176
28.2503
5.92582
33.3778
48.2419
67.6534
77.9243
45.5445
52.9021
99.128
102.673
128.116
122.097
101.622
112.771
102.452
108.337
121.484
54.0738
71.1297
122.819
89.0369
58.7858
22.6449
110.236
187.751
184.561
118.273
35.4631
53.9679
53.1948
84.1059
41.247
29.2074
70.5118
144.262
145.075
114.261
87.4435
38.3272
53.984
70.9962
27.7597
36.3996
33.6686
33.1106
37.6562
28.4587
107.227
158.17
88.3725
50.3099
29.2532
110.977
128.246
114.592
71.9263
62.9732
58.7277
21.7605
43.9195
88.5806
68.4837
22.5207
33.4531
41.9337
23.0955
34.2051
75.7837
92.1736
150.923
133.341
65.2984
79.1458
74.3444
46.0423
50.8079
61.1424
33.9313
33.0727
55.8004
91.1803
46.417
65.4638
93.6075
78.7732
5.26348
82.0173
48.7056
23.6053
69.5613
59.4856
18.5927
7.8337
57.4678
55.2368
21.1306
24.8853
29.6698
23.0747
65.6093
54.5566
11.8158
14.6649
64.1427
91.4509
62.4367
46.0692
63.4243
43.5578
55.7157
60.2395
40.9075
104.131
186.891
179.514
69.5395
142.166
133.372
141.331
194.19
232.525
284.958
335.677
379.471
404.711
419.477
402.759
347.698
322.699
278.182
179.956
902.767
1183.02
1287.41
5919.34
