8113
6303.7
2757.6
609.701
318.005
188.659
86.0203
67.3284
16.6743
14.0421
69.0816
40.9291
23.0775
36.2536
35.1692
45.5193
44.8922
43.6529
44.5304
48.5522
54.5571
42.4025
32.9964
43.8032
53.2272
55.7199
51.2116
29.9998
13.3024
26.1263
29.2384
28.5239
62.4576
107.447
112.314
86.3803
102.534
104.09
74.6011
47.9914
4.70206
57.3164
53.1867
43.6556
43.4432
58.62
47.7495
43.4612
73.9585
53.8649
33.244
68.5247
31.9224
47.8783
57.4488
18.1791
20.8942
42.5231
54.4713
48.0214
52.4675
51.6593
25.0173
57.5303
95.7596
67.5752
12.9424
31.8286
62.5625
71.0841
48.7089
36.0015
22.4884
59.5851
63.8004
46.4313
94.3123
128.401
134.931
105.201
72.6261
54.3711
85.2879
115.219
95.8164
98.7728
70.0942
100.254
98.7635
68.8402
33.8632
23.0352
36.7133
26.1839
17.6624
20.6994
49.4328
66.5109
27.205
58.7489
101.827
62.3705
44.7871
72.2658
64.5675
28.6148
58.3084
134.235
110.799
33.0712
72.8992
74.7528
50.4124
41.6958
55.0945
34.3884
39.2296
26.0931
20.1122
23.4868
42.7246
36.5813
36.5721
27.7346
16.4903
50.4658
53.9777
43.7202
33.4503
31.3839
66.7646
88.4933
60.8938
27.4101
46.5761
84.3939
80.9757
51.5307
32.98
38.1471
20.233
12.3674
32.6407
28.5946
17.9526
33.9252
19.2144
52.366
21.1729
29.2143
75.2551
77.7472
39.7605
47.7755
29.1226
41.3461
99.582
139.58
89.4338
85.1598
191.104
161.113
64.5493
65.0133
45.548
72.5733
52.9325
44.9045
89.4809
49.3168
24.9674
42.5722
93.1362
93.4976
64.042
64.9899
78.9797
50.373
18.9392
9.96591
28.7859
39.6432
23.8847
38.0327
32.2545
17.9149
64.9042
24.0255
74.9945
91.9997
27.0985
11.2714
54.6029
113.402
103.514
45.6196
82.3183
109.039
77.9323
84.276
42.2059
57.8314
94.09
71.3066
11.9325
37.0667
44.2414
54.5129
63.1791
43.8111
40.432
25.4767
14.8037
54.0591
92.4935
74.9841
7.05622
53.3838
20.7344
51.9769
27.4891
40.673
24.2933
42.0709
55.7423
20.5482
57.9766
128.944
123.036
92.9854
90.9345
80.8593
112.144
131.88
87.228
17.4599
28.1947
49.1398
90.0345
121.817
143.819
154.046
129.746
95.9638
86.8084
114.355
119.434
72.5431
37.7767
85.5736
154.739
211.152
214.755
174.857
133.9
111.887
76.769
66.2721
90.0568
79.2166
105.486
102.774
92.8706
129.205
118.488
95.8636
51.8445
19.072
26.756
41.6752
83.3623
68.432
11.3065
36.3749
54.0213
66.1048
71.303
52.1004
89.3111
113.171
67.6494
46.7329
29.071
17.062
38.8634
44.26
8.57053
53.7443
48.9543
9.30738
31.6028
49.2864
30.5004
53.5424
85.5291
67.5223
51.5005
84.8434
67.8403
45.6591
33.1141
53.2595
77.3958
92.1352
76.3395
80.9417
127.832
111.101
62.7956
32.5936
51.592
57.5399
46.0844
15.0285
32.518
57.8526
40.0008
4.9389
39.305
52.543
21.7848
32.5042
11.6562
63.2448
73.7785
5.71724
76.3871
93.463
48.449
45.7428
104.44
97.1427
48.772
101.729
133.156
59.7962
91.4234
79.4442
43.624
63.5881
34.6014
40.5984
113.553
140.164
74.1014
49.2923
74.2789
47.9977
30.928
49.4516
61.8494
60.8908
61.1157
23.6632
30.2938
25.4809
32.6932
37.5379
35.3023
69.4725
27.5395
36.4264
45.0483
20.5142
87.5966
94.7767
46.764
58.6311
58.0731
58.3394
49.8189
17.0477
59.8446
24.073
61.5762
66.3314
38.3831
27.7863
100.04
85.7321
1.75509
57.4273
30.1777
58.5564
76.5978
34.0491
28.4881
36.6468
48.1232
16.7928
72.2861
99.5231
79.6566
52.2596
21.8129
25.0809
41.3848
33.7768
22.0737
36.7676
76.2153
89.711
49.4609
14.5181
31.7249
23.5507
84.2057
125.278
125.735
57.2125
80.7892
98.3318
53.5869
5.65053
16.62
33.7707
61.7951
92.6743
112.91
82.551
62.8101
78.677
133.681
204.793
228.235
200.552
110.693
72.1734
243.518
287.1
252.898
173.036
59.4607
15.4146
43.2848
61.0363
67.706
99.0851
105.225
81.4809
73.2835
66.6475
44.216
36.7265
69.9659
83.5243
88.7454
37.352
43.298
49.4973
44.1834
45.7059
57.8122
32.2185
34.6838
100.964
105.364
62.21
118.72
141.063
131.381
73.7732
71.7008
68.0305
47.382
96.2861
67.7136
9.12174
53.9474
63.7043
47.3574
66.9623
90.6116
88.8274
83.9926
63.7693
59.6447
70.7968
27.295
78.5042
133.7
94.7419
38.3621
18.46
22.9369
25.234
61.4729
104.39
69.7843
23.5769
57.1851
52.9119
17.4556
50.0214
82.3908
54.4788
77.127
67.8936
43.0169
54.3206
74.1334
86.8285
49.7014
50.2144
103.742
109.066
78.2572
29.129
88.1013
71.9286
59.3156
42.4446
81.4742
146.696
94.946
122.063
137.909
67.2179
11.2629
42.4443
87.784
53.9463
51.3946
89.3385
44.8045
15.5913
27.7697
78.2777
89.7208
84.3382
82.8094
57.0392
57.1567
63.5054
35.1367
21.5614
60.5602
46.1238
6.56018
46.5927
56.3482
41.4836
58.0104
46.9308
58.3363
83.9499
61.2054
35.095
22.6575
36.6182
27.7302
25.3413
89.1225
111.708
58.6032
59.499
123.409
117.291
83.5905
42.0605
21.3439
10.9163
7.37111
14.1416
10.6618
66.1039
88.7047
46.3996
17.3738
28.078
54.7916
67.7894
65.2125
50.3701
26.0537
13.107
34.2391
27.9724
29.5913
31.5519
48.239
63.5648
121.863
147.588
93.4031
17.9037
9.06083
48.8071
93.6443
55.9244
63.7148
96.891
49.3473
46.8655
52.9215
90.005
94.8243
44.148
18.8072
51.4003
107.598
122.324
100.024
92.8507
68.4139
49.8287
51.6195
31.3503
62.6534
107.215
79.8962
59.1137
65.711
37.1679
59.7718
71.6258
37.0905
46.8479
67.3375
40.3232
34.7882
13.8023
35.654
35.6788
15.6902
48.6527
34.1305
34.6284
31.3785
27.4243
12.3672
19.0004
21.2188
18.1247
19.4853
30.4281
53.0114
77.5566
75.7988
84.6002
111.636
108.077
28.2237
74.8627
113.092
95.5193
45.3284
34.2266
73.4973
34.313
21.9542
33.2934
65.4002
102.956
74.7875
52.276
122.149
105.929
22.3672
71.7423
106.161
105.41
113.89
141.917
175.623
154.511
83.9458
125.997
387.734
829.266
1221.6
1302.49
1416.58
1822.59
1669.96
918.445
513.919
579.721
817.854
808.29
577.451
508.076
356.277
114.933
66.0753
112.131
137.074
142.795
148.989
189.744
200.908
165.647
166.933
128.312
32.2848
53.6798
78.9324
81.7876
58.0065
21.3591
81.3292
116.586
112.393
108.19
69.8713
43.9749
78.4502
62.9752
32.3339
45.455
57.5202
6.62859
49.7681
57.0346
32.6315
29.7375
48.6146
74.616
64.0954
29.3336
22.591
43.6583
36.9316
28.982
53.684
28.0928
90.2658
114.39
61.4084
32.4306
73.6957
95.7424
66.8685
35.315
13.2777
49.3975
79.0434
51.9553
70.528
80.3854
72.7291
49.2935
110.771
132.5
130.912
80.7114
25.9556
35.2813
20.9845
31.1062
58.312
48.7068
36.8302
43.7081
105.899
176.018
166.165
93.4638
6.54728
96.9907
173.866
166.805
101.702
119.916
112.282
72.0136
34.3717
1.35242
9.69139
34.6329
40.184
16.9352
66.8237
72.5167
30.0074
6.11067
32.7859
69.6842
96.6297
73.9704
50.9947
67.9256
62.4003
58.6445
45.9496
98.8864
25.9482
50.8516
25.4826
73.0023
36.9551
83.6962
94.9545
32.7167
41.0196
109.049
127.863
96.98
54.4131
16.8592
45.8988
32.4341
129.608
144.574
105.365
76.9327
65.8685
52.1615
42.3651
44.5947
51.3394
50.7571
35.1965
18.1891
21.376
62.0896
102.366
82.3237
24.0659
72.8926
77.5711
15.6324
70.8113
81.7411
55.0691
72.7069
129.209
149.789
131.544
103.528
90.0046
92.0241
65.82
9.44236
30.1849
23.2881
82.243
74.0211
27.0392
84.9334
91.839
29.8215
20.1112
78.5149
140.555
120.407
33.7773
71.392
94.4179
39.009
69.7175
43.3721
105.427
130.368
41.8208
31.0259
23.4095
47.4205
13.5529
80.5148
103.62
70.0291
54.7579
18.6371
51.4162
78.0725
73.5984
42.2752
29.6334
118.956
158.35
125.613
69.2936
56.2504
83.0274
56.3191
21.7388
60.1337
52.1424
40.2419
78.1618
68.4621
35.3012
109.594
72.5282
47.8354
114.207
98.9501
56.7942
49.4115
16.5292
80.4372
103.494
28.8903
74.8811
52.8979
24.1387
33.8212
61.3371
69.2084
41.0153
34.2212
32.0364
78.1347
104.486
97.8401
122.527
127.933
105.605
139.374
139.46
75.562
40.0046
106.365
146.142
110.731
95.3564
46.1684
61.142
63.0626
57.7226
37.1166
9.26919
47.1664
92.0262
119.73
126.184
109.679
76.1184
123.302
198.649
186.686
214.178
317.735
311.267
251.749
217.461
221.117
264.15
249.286
170.96
131.624
150.803
157.443
67.9215
107.979
207.843
172.069
85.0805
50.7746
38.9352
62.8846
63.0703
18.743
6.16806
28.5854
58.2686
21.3119
70.8418
97.8718
68.8668
84.615
39.4932
72.5821
109.818
64.1076
76.7292
87.5099
44.7965
53.4831
53.6416
40.2218
44.7283
60.9924
90.2864
122.81
117.081
88.6611
85.0313
75.3012
36.5526
39.7998
35.4931
46.0036
44.3045
39.7253
56.5521
53.4636
81.4808
55.9484
2.59006
24.6147
44.5798
60.9804
42.1788
9.58826
41.3551
76.4716
29.3055
72.7932
109.725
41.6799
48.2148
72.6331
41.7497
4.31746
49.388
73.0176
51.5634
64.6064
97.144
43.538
44.8969
58.2598
47.4741
42.5578
17.4243
17.0769
47.1515
61.4388
49.0951
29.3212
33.5202
26.3575
4.9101
12.7849
8.77777
22.1999
38.1281
32.8041
58.4196
51.7127
40.2874
56.7215
49.6893
76.6181
95.9074
78.4443
29.0361
33.8862
25.7979
8.37247
21.6711
15.7783
33.705
47.4642
22.0182
17.7187
21.8419
50.4795
43.6813
26.0368
96.7151
117.542
98.037
67.0105
44.4728
73.945
54.0681
20.7126
25.184
38.1031
51.4901
60.5536
57.3357
35.2641
71.226
77.524
16.5581
26.3433
13.6398
37.6668
88.5316
84.0709
58.1819
58.5654
22.9085
65.8797
106.945
77.4701
17.9252
22.7114
6.80097
42.5116
94.7527
87.7278
96.7297
69.3854
52.4228
88.3644
108.443
175.123
195.667
201.502
231.452
271.539
318.755
352.233
334.584
313.868
357.055
374.559
229.064
106.027
291.01
371.428
354.029
266.937
200.064
172.406
99.3158
52.5823
111.092
160.555
131.684
112.255
132.145
119.537
97.3295
108.644
116.019
78.4704
23.8552
111.172
111.432
44.839
118.979
141.483
91.0816
52.4057
119.581
152.394
104.354
80.2036
123.404
93.3761
66.1611
96.1917
81.9135
70.0465
76.0287
36.6201
110.479
161.55
89.8114
32.6582
63.9457
77.0029
63.316
83.5692
164.974
184.13
100.741
31.3642
46.6983
29.1492
13.447
11.936
42.377
51.2481
28.0125
17.0866
85.8199
105.72
58.671
21.5325
20.6546
21.0335
44.7192
43.0547
46.2579
25.1872
56.6549
106.975
93.9206
82.4814
96.7243
54.3523
34.9383
59.9177
60.5359
68.1002
39.2878
31.8668
54.2408
63.5902
71.8183
57.0066
16.1135
39.5834
23.6769
51.2582
83.1498
91.2308
53.1666
51.8597
71.0909
85.3127
131.157
94.6187
69.1717
105.797
98.3759
40.8988
40.0887
56.9171
49.3917
17.8224
51.8465
94.7729
69.495
56.3456
51.6761
6.55201
54.8661
105.531
109.187
50.7508
41.0187
100.385
77.6972
5.37082
50.3653
85.3697
85.3717
116.309
130.058
76.1077
100.658
128.834
91.2601
8.44228
71.3355
97.5953
63.4423
16.8952
16.7501
43.1415
36.28
64.544
100.494
66.0846
45.5375
38.2048
44.1369
25.8997
53.2864
60.33
90.514
127.823
131.133
81.1492
15.6521
29.0437
36.2294
43.915
51.4055
42.3582
38.8825
37.668
72.3699
104.747
100.421
96.5743
41.9423
36.2712
31.6968
70.6239
80.1551
49.5225
67.3277
93.3263
78.0641
43.0615
65.0848
54.4873
37.9391
107.516
126.139
101.175
78.982
72.6845
68.1646
72.8484
93.6866
119.37
91.1583
9.40554
59.7667
36.2454
35.5516
73.2055
72.341
48.6377
51.0404
71.1218
62.0384
114.173
132.111
96.9709
63.1229
53.6859
31.5573
55.9496
108.338
103.258
79.9756
75.9759
69.4257
27.0716
103.442
92.3772
10.734
45.1457
32.6268
53.316
16.1776
59.6202
20.7758
42.4993
30.4233
14.9637
35.6272
121.667
154.896
108.985
16.9292
87.9541
139.552
130.006
77.5964
130.603
182.486
141.531
83.733
152.279
204.207
153.243
64.589
63.5346
182.922
239.695
305.205
393.244
448.923
390.736
276.52
298.486
269.127
287.927
348.915
290.404
228.699
238.03
347.496
502.766
565.415
471.842
344.903
270.987
186.479
111.181
63.171
76.0665
151.273
142.373
95.6743
107.134
34.8158
31.1769
42.2991
54.2789
28.671
72.5938
110.482
92.1739
108.157
153.67
133.322
57.4871
7.58638
27.4396
34.7962
48.0588
100.311
67.1502
64.3407
46.4514
63.7532
94.7554
58.1803
43.7165
15.7156
66.0465
74.4299
49.3467
29.406
94.1754
79.512
12.6399
26.6151
69.787
82.3905
82.3336
91.1172
87.9167
26.9822
19.3791
22.6517
42.5488
68.1648
92.9476
87.2242
58.0689
31.3397
56.7289
12.1418
90.9045
87.4477
69.8657
147.5
133.622
57.7726
15.3137
11.2813
37.0872
54.8747
32.463
1.56634
44.6923
74.7227
73.8253
57.1876
73.9114
112.809
79.5275
39.7534
85.2253
89.5006
98.9833
103.436
95.8755
111.471
122.093
81.1579
19.368
45.0615
97.6194
97.2309
86.2628
70.5052
44.4013
65.996
60.1796
30.0073
145.196
159.928
49.4432
156.206
123.455
36.2284
82.5088
21.3266
50.1764
43.1553
55.4777
44.542
41.3094
28.6985
69.1326
85.0246
44.3612
47.472
63.4788
63.9141
47.2872
71.8006
81.5735
31.3413
57.693
114.985
124.688
97.3803
57.1886
24.0296
40.6357
99.5638
107.124
31.0629
97.9789
96.5921
48.7156
30.8778
92.602
72.8119
65.5027
70.137
38.2502
54.8109
42.0042
62.1986
82.1624
63.1575
38.498
21.4135
20.4848
56.2208
108.25
130.069
69.8863
35.9631
77.4476
40.3921
6.58877
3.3698
47.1319
74.1775
117.17
144.567
68.4968
44.9146
58.0919
59.9358
101.188
109.403
73.6641
33.5402
55.5491
59.3844
34.4183
108.144
99.3888
58.3152
69.0501
84.4246
97.5547
97.003
106.737
87.8198
34.5548
43.726
55.6977
55.3909
66.1268
70.0657
45.0964
34.8604
48.5225
10.6699
84.9773
92.0748
26.017
39.9026
59.6969
20.3008
77.9569
131.871
145.473
109.906
22.7421
54.539
44.7621
16.9894
53.5518
58.3785
42.2307
8.70255
25.2246
18.8286
32.4789
55.9582
74.6383
89.4851
98.883
73.0592
47.4502
133.92
135.217
131.056
155.46
151.002
183.707
196.12
163.612
166.099
234.27
242.032
166.457
90.077
72.3924
118.88
129.315
72.237
24.9764
31.1827
6.2837
49.7288
50.2838
18.2502
62.5241
100.726
117.058
106.625
135.164
262.202
413.588
535.343
689.99
860.643
950.47
961.275
840.728
628.361
459.05
363.908
317.294
317.868
344.902
324.553
200.098
34.5897
120.967
145.67
115.002
64.9151
11.7678
112.686
162.579
123.331
61.2217
20.8816
37.8313
68.5801
148.826
196.535
140.333
44.3396
54.9724
35.8471
14.1986
28.6782
53.6709
65.6588
60.6316
66.5775
33.9781
68.5287
80.5173
55.0474
34.0002
40.0562
73.8784
67.3789
16.6908
13.2372
34.2222
64.6923
43.2372
5.75419
14.306
28.6817
60.8822
124.075
130.328
99.581
84.2147
55.3502
24.3687
95.3471
80.8887
19.127
87.0126
95.4754
6.3988
86.4312
53.6805
67.793
107.717
62.4498
41.4835
73.5396
104.57
72.2683
10.8827
35.4552
15.4033
29.4201
78.653
103.961
89.5426
67.1067
51.9518
24.6151
15.2129
46.6251
91.8559
110.638
79.8518
5.91625
84.482
134.868
109.166
39.2501
27.1048
57.7063
88.0994
139.653
129.119
67.6183
76.2509
80.6755
24.7373
48.82
54.5704
47.6915
13.5443
101.614
138.501
76.5093
78.3002
65.5889
36.6204
99.0924
110.525
72.5833
62.2597
62.6252
50.3165
89.4539
118.518
85.1751
45.6392
32.1695
42.4522
90.7552
113.94
99.8335
52.7532
25.7487
43.5896
13.686
38.1035
62.0335
67.0995
117.079
138.8
89.6017
80.1495
79.2665
60.1019
61.9016
77.0998
78.4738
61.8296
76.1709
48.1085
43.0629
83.484
125.614
159.471
122.963
87.0391
88.3464
68.7374
104.472
137.149
169.404
201.79
237.901
280.525
308.691
346.413
407.147
488.734
539.232
482.176
374.484
346.998
315.831
256.249
200.529
126.356
92.0625
94.1258
121.862
176.231
188.701
146.452
133.531
140.036
138.615
155.365
184.225
179.389
147.33
90.417
14.423
35.0446
32.5864
29.0405
49.9993
52.7851
26.5301
53.5359
41.3497
61.0965
108.068
103.159
76.2831
30.6981
36.5726
27.8004
25.0181
63.2466
102.486
67.4563
50.4045
66.9459
53.3598
62.6613
96.3263
109.61
70.115
37.4149
26.2168
10.8611
16.1215
33.6966
48.3937
27.9843
41.905
72.286
73.5159
58.0012
76.7624
86.4561
113.99
70.7294
105.707
102.569
58.1202
88.1262
80.7856
35.8047
20.6323
41.8282
85.1735
82.6543
84.8557
132.235
157.514
116.374
51.1672
55.2385
56.5059
34.4478
95.7537
95.7653
38.5909
113.3
178.95
171.516
116.642
37.8161
41.8477
58.0395
98.549
83.405
25.2975
39.0691
110.383
151.415
190.245
177.787
108.01
82.8829
124.742
164.685
137.828
95.6306
116.03
121.701
114.036
91.8476
97.9275
134.648
98.2036
89.1524
59.8405
47.5616
113.339
83.9152
31.5101
52.7173
58.2893
74.4721
96.2995
76.6509
27.4992
1.98803
8.39109
29.6129
51.8583
75.7891
67.8695
27.2813
132.698
162.792
133.027
96.6923
48.2939
52.4535
56.1122
80.3951
80.6523
95.0649
91.1013
43.33
20.0665
23.2563
4.1386
41.9623
69.9175
71.9361
100.599
93.4209
69.4012
47.3686
42.4741
38.6748
43.8842
106.154
127.396
107.317
75.7098
45.7589
90.7224
115.79
95.501
69.8782
49.4051
83.4113
59.6154
23.5199
50.2522
99.4041
137.913
139.286
106.145
46.4002
32.917
81.0969
97.6199
63.4275
79.2729
122.573
126.534
85.9678
77.2417
96.7396
79.9051
44.6738
34.9723
83.4291
107.386
61.6784
38.0653
58.2784
103.242
102.52
67.3092
10.6851
45.0894
65.3041
78.6275
109.834
81.024
9.67625
30.3043
39.634
91.1481
48.0921
34.1083
89.2694
111.365
83.9355
46.921
43.0327
88.8653
96.4499
75.4047
65.5521
50.4395
19.6544
75.7252
74.4762
10.7672
50.0622
41.4643
12.8272
59.6295
85.8076
67.6528
41.6052
63.9651
116.501
86.2201
32.7408
87.5755
153.604
206.577
208.758
208.8
212.373
211.526
245.033
270.343
225.28
199.688
208.481
138.587
63.4057
119.47
125.939
103.784
62.4152
49.5003
159.579
175.453
139.27
148.645
230.659
327.507
334.96
275.147
279.994
308.22
289.426
247.479
155.281
55.8618
51.2309
34.5682
23.7725
56.0777
87.5474
89.7781
151.71
142.967
100.556
71.0478
59.2578
78.7194
111.254
125.447
133.864
140.888
100.814
80.9092
62.1811
26.915
66.5263
113.901
74.8191
47.0545
149.16
115.953
145.257
176.763
86.1304
45.4628
90.2432
83.005
50.6286
72.6315
73.9513
36.0488
57.5051
27.8405
58.0004
56.7296
37.226
96.2895
156.947
147.493
64.4593
46.7236
57.8214
40.7883
34.9783
64.6139
84.44
70.8759
29.8964
80.8432
106.457
49.0356
4.01163
11.7376
55.1396
75.0125
54.5489
21.6086
63.354
76.9486
74.9714
65.0329
92.8872
159.529
141.623
52.2079
45.7267
19.7874
46.3072
75.6243
94.4737
111.485
72.2387
12.6912
71.4498
95.2835
66.018
9.40203
76.9929
89.0988
52.7277
23.3279
22.7035
19.0704
95.0771
138.495
112.648
60.7955
43.2913
76.9752
97.8815
95.785
69.4579
8.07813
32.8711
21.8744
65.767
74.4608
69.8895
44.7682
13.9259
50.8974
45.0272
63.2166
41.678
90.7165
98.1881
20.3022
46.9243
117.519
138.775
130.211
127.971
94.7331
99.2476
89.5895
56.2696
105.204
157.339
127.37
58.8171
37.6939
81.1283
41.1966
33.9674
39.6865
21.1942
57.778
72.1597
63.7239
43.7173
38.1735
129.534
131.426
55.9718
61.8634
54.7177
94.1061
67.897
44.1559
62.6611
121.426
179.292
152.039
106.55
67.7065
34.1067
28.4371
21.5102
102.498
157.076
146.855
103.571
54.0181
53.2767
82.1047
104.426
66.5598
50.1307
117.958
122.215
91.5841
135.164
111.356
28.4585
80.6114
106.337
106.055
125.753
91.6209
92.2572
140.842
179.501
145.818
43.701
45.6948
40.2389
33.6378
36.1986
53.0018
70.2024
59.1084
87.0814
111.404
133.568
151.57
72.0454
57.9769
85.7748
12.091
59.6037
76.1711
50.7974
85.2254
134.235
125.159
75.45
24.326
58.1125
65.0555
79.288
111.739
81.1789
58.7973
60.5615
62.2337
95.8494
119.102
63.8406
93.7638
140.905
175.692
189.617
188.629
193.95
246.871
283.367
209.069
113.268
79.6944
21.3881
17.9894
65.2483
107.846
119.132
111.104
84.6049
59.3024
120.056
161.372
98.1585
53.1244
73.7691
72.063
125.336
175.414
213.697
274.158
343.741
425.824
478.647
423.33
444.608
434.967
245.616
145.994
208.264
227.066
195.83
160.172
132.755
123.367
166.338
138.164
87.5757
172.955
194.5
145.92
129.25
113.885
59.943
24.0645
74.1713
119.357
113.604
67.3956
34.952
67.9885
73.7747
92.8595
105.014
75.4976
56.2245
29.5979
22.3734
93.3564
127.985
67.1221
55.0374
99.5431
57.2225
80.7755
88.8743
24.1753
93.4108
136.005
80.742
130.248
160.529
50.098
142.954
178.243
140.399
136.8
102.339
24.024
24.6816
13.4988
41.0065
61.7688
65.8614
11.1848
106.217
161.617
143.043
78.6984
36.6265
26.9304
59.5107
75.7637
68.0483
118.178
186.091
220.003
203.433
178.787
178.862
179.72
173.842
176.544
168.954
139.512
123.054
100.703
66.6938
118.56
141.2
93.634
55.2542
67.5849
72.3265
43.3091
37.1489
71.16
84.4082
69.3811
65.3774
58.0902
33.2305
57.0677
88.4706
95.3645
80.6553
47
35.5454
19.6676
91.6874
123.022
103.394
67.6196
59.8277
133.168
159.419
103.1
24.7217
28.1366
34.0686
20.5614
41.7589
96.4001
123.138
86.7088
13.2104
8.60866
46.9965
56.3653
47.1138
94.4192
166.802
184.838
139.965
95.3851
88.7229
92.5367
88.4054
51.3736
14.2356
7.39118
39.7296
67.3224
93.7019
142.217
139.206
115.511
145.464
116.376
49.2524
107.898
96.8038
87.1542
58.6862
7.65645
41.62
70.2439
80.4614
127.408
175.836
218.381
303.111
383.473
376.241
281.29
223.03
263.254
253.089
241.772
215.249
110.724
50.9259
53.1487
138.78
167.328
109.898
72.3493
98.429
135.883
157.49
159.377
132.262
139.314
169.381
135.631
101.988
123.598
131.025
71.9942
5.74809
25.6487
41.2085
103.067
157.617
183.619
113.96
55.9624
179.299
204.572
168.521
95.6473
59.411
70.9005
86.1194
132.953
221.542
224.035
124.996
72.9234
38.4691
76.1619
119.122
102.349
27.3385
56.4476
58.1057
60.1545
129.773
129.941
86.2432
44.3254
49.299
118.659
132.648
47.811
70.4509
110.214
88.6919
89.2369
20.9926
73.3694
101.439
88.4866
58.2019
24.7564
29.8095
48.9884
133.484
201.411
154.859
70.0049
76.522
140.51
150.309
104.939
74.9356
64.4829
59.4264
86.7809
103.292
69.2007
29.4256
58.6859
15.0104
78.9644
99.4927
98.0603
130.061
205.621
244.069
202.756
194.896
229.202
233.844
215.791
204.49
227.387
227.826
165.015
116.745
132.32
161.149
99.6641
45.2937
142.129
167.214
116.52
56.2307
99.5738
123.107
138.1
112.109
87.2795
73.6552
71.3874
88.4648
95.3166
64.7335
60.9603
52.2096
48.3463
90.165
65.4255
3.62236
37.8521
36.1247
64.0081
82.6062
72.7695
67.0044
68.0973
36.1949
11.7256
25.5532
86.1948
115.468
64.3856
8.30194
9.67419
30.2461
76.2561
127.533
168.463
159.941
115.04
79.467
132.754
164.562
104.688
67.7628
54.4508
7.79341
21.7706
61.0435
87.4096
144.881
163.676
151.326
136.39
35.7603
73.5016
61.9689
28.2466
33.9019
44.6434
54.3427
36.8036
35.5438
14.8181
20.8551
54.9458
72.7344
83.3716
83.7314
57.1488
30.8987
3.74651
45.2802
69.4992
46.0241
31.9723
91.8242
102.647
43.6938
88.6452
133.164
95.7005
52.1649
80.2967
127.599
107.026
77.7336
61.0474
95.1434
143.473
128.694
21.0103
58.8157
35.3494
4.63948
34.4617
66.111
45.0092
17.8478
72.6078
66.3926
13.4594
29.349
92.6498
117.708
80.6827
37.2182
22.9158
76.0775
103.246
49.859
29.6402
80.9032
116.731
119.74
111.209
99.3174
73.6514
55.1721
51.2157
106.471
95.9707
85.8734
135.21
156.381
142.321
101.165
65.0842
86.8851
156.657
171.806
95.9336
78.1475
166.562
196.721
111.764
30.8172
55.6513
49.4258
38.0732
7.65008
29.2795
48.7649
37.8386
71.8492
141.779
160.378
153.928
134.453
96.1198
31.7816
21.0632
81.7855
147.466
192.651
208.053
147.059
160.506
183.037
118.906
82.1695
90.7549
104.437
138.614
174.73
160.198
106.229
72.0926
55.1925
16.176
64.9029
58.2564
138.692
173.895
140.9
110.566
94.2795
50.1683
53.1681
63.3807
80.2231
149.231
186.639
120.233
21.3221
50.9961
85.2257
127.586
130.648
76.263
96.2272
167.573
183.572
136.017
200.266
183.985
121.225
73.5022
69.391
94.5604
47.3222
32.3926
84.6506
144.558
135.769
103.523
122.785
131.242
125.486
116.398
117.907
134.76
96.0868
71.5204
129.4
137.727
91.3573
34.6245
33.1794
42.8532
53.1641
43.8239
32.1576
38.28
52.7779
67.2272
97.9434
112.099
85.2094
30.8586
22.4384
45.5486
49.4432
69.244
106.997
105.016
58.1648
61.3354
51.7237
43.4516
54.8964
65.6858
104.8
107.739
40.7784
36.9899
48.2711
77.1496
65.6996
15.3076
76.0134
127.461
143.162
126.883
93.6624
102.851
156.519
172.149
150.375
115.42
41.8005
13.4375
48.0514
66.7196
50.3768
11.4875
96.3676
155.203
162.991
162.323
130.426
54.648
34.3647
94.374
71.2918
110.989
176.986
158.281
64.8274
42.4349
101.541
112.01
106.028
93.4335
52.267
47.4777
83.2764
72.4965
29.3645
70.3756
68.4814
103.965
165.349
140.954
88.545
80.4166
77.4292
103
54.2465
14.4967
52.3605
101.223
97.6739
60.6824
28.6423
54.8328
96.1498
113.085
116.133
92.6856
24.1862
95.4061
138.404
178.512
206.976
205.02
207.692
228.282
212.715
127.564
101.897
185.083
149.164
47.1399
129.463
104.758
67.7963
68.3806
80.1758
104.281
103.382
88.4708
85.8087
126.641
138.847
125.04
116.081
57.9668
26.4866
49.148
125.66
156.62
90.4127
58.4665
42.9721
42.7701
52.2259
78.8477
76.705
58.4957
48.2875
48.6246
58.9017
91.7195
131.145
115.968
102.298
96.4421
109.767
146.28
142.14
103.82
86.4172
68.7415
86.7155
79.6501
69.3673
95.3717
91.8877
108.668
116.049
152.624
158.202
135.715
180.207
233.974
205.949
123.842
81.7953
70.7965
109.309
128.428
44.6164
113.973
157.331
168.969
137.155
74.6794
35.8718
45.4511
28.2934
35.6759
46.0595
31.4752
52.5282
9.28589
23.9488
63.2934
108.046
88.3422
46.5908
25.1059
67.1889
70.2893
110.574
183.128
177.094
173.656
241.356
274.907
293.803
293.941
251.059
196.641
127.313
45.2799
65.2788
72.5067
52.2624
72.7146
97.6102
45.5067
116.909
117.949
96.779
108.945
63.038
36.9894
47.3939
90.0589
83.2548
41.4213
75.6582
26.1861
47.3519
55.0975
73.7337
86.7927
71.3725
53.53
34.1518
38.0141
72.4086
73.9544
74.2701
83.9972
107.557
97.2685
115.914
170.963
205.975
220.324
145.85
60.3616
110.488
84.5906
37.0192
8.63043
22.2198
70.7345
133.69
195.08
186.552
93.5525
161.82
195.865
151.707
131.293
71.5452
67.8624
126.253
146.374
166.73
151.183
113.709
115.661
128.462
104.506
72.9438
86.5421
95.534
44.7989
40.0293
85.6173
91.4997
87.658
82.7286
69.7343
39.9527
68.2111
119.028
134.381
76.675
54.5404
104.58
76.4757
9.93694
101.444
156.142
130.527
52.8465
63.6974
103.545
84.3292
43.912
35.0849
57.2446
51.7952
35.6318
132.158
137.509
60.0329
31.5419
113.812
142.117
89.4599
68.1298
37.0927
34.8753
39.2499
62.222
79.7025
86.5894
56.7939
44.6119
87.5592
145.094
168.49
163.668
146.923
126.208
78.4646
28.8996
27.5178
9.22498
31.4237
14.4282
19.2766
36.3584
116.278
125.043
50.5859
25.3754
37.6849
34.8914
42.5935
65.1338
107.759
69.0409
35.1703
112.203
133.879
111.88
91.9381
73.2472
42.4989
64.8596
132.639
166.469
149.32
168.907
193.995
160.079
77.0471
45.41
141.162
174.424
136.953
61.7646
1.36742
41.2649
55.5535
45.4142
101.934
135.653
88.2522
74.3555
65.7163
67.5078
61.5027
61.3723
83.9212
119.746
161.461
168.343
126.253
72.201
65.3966
116.565
139.782
140.547
94.6893
37.087
127.193
177.804
146.69
65.9298
58.8108
83.9742
114.987
116.23
72.0858
25.7299
37.8211
108.589
133.185
81.545
22.5368
65.9091
111.159
141.02
129.159
93.621
99.1873
131.437
131.121
69.1451
32.3757
52.1292
44.3331
19.9211
70.6158
48.697
4.56431
26.7041
44.8297
40.0574
92.187
96.8425
53.2634
88.7705
116.804
130.463
98.325
22.9169
68.2866
40.1808
70.6957
94.0993
81.1608
98.9787
91.2659
40.1122
27.2468
41.8362
72.5083
58.2548
28.2454
19.4887
4.46857
26.2353
48.0015
34.0115
20.2614
68.2012
151.237
159.466
143.688
254.392
339.117
336.218
359.104
386.603
317.909
202.696
259.434
360.445
306.345
202.087
181.916
155.516
105.357
92.0655
60.0905
69.1566
108.286
129.171
150.701
133.072
145.215
121.548
40.3439
45.5894
31.1652
92.5903
125.58
155.307
173.172
141.795
83.384
82.5162
93.7444
75.739
43.773
51.9064
82.0571
95.4387
80.8691
82.9797
56.319
12.5429
27.494
36.6957
41.5864
51.3023
40.6533
85.9165
67.4815
43.0364
66.5094
60.3517
59.4316
104.955
101.115
71.0129
60.9867
76.2795
100.42
64.7002
77.8116
214.323
212.216
100.858
76.5005
128.757
92.6147
83.0198
91.4814
58.1589
71.0628
73.9098
58.0311
57.4165
79.5063
121.338
150.759
147.871
162.204
224.037
215.839
142.12
129.011
95.5879
44.3106
64.9122
94.8807
81.1078
58.16
111.295
90.9649
48.4706
13.7845
53.2042
84.0682
94.7856
82.0274
86.0415
94.388
77.8897
166.801
200.81
102.668
45.9751
120.235
121.897
97.715
72.3502
54.7544
56.7823
114.175
110.076
86.6003
31.2565
81.4624
97.9506
41.9418
51.1599
117.031
102.367
67.579
55.2724
93.3357
106.358
71.7211
39.8272
26.5199
56.8103
75.2234
41.8688
9.58804
27.2717
65.4488
88.3545
95.8556
86.7232
82.2097
100.333
85.3468
14.4287
48.8447
39.804
14.0366
30.2481
18.0866
50.3289
69.8013
85.1098
137.652
177.559
139.298
120.101
119.436
85.1338
121.788
148.374
77.0407
112.375
117.736
29.6251
75.4453
80.438
30.9306
127.559
144.906
46.3913
76.9641
134.014
115.831
104.063
147.404
163.232
140.265
113.399
120.7
172.897
212.648
146.394
76.2681
121.621
95.8452
66.5987
88.9532
85.2131
37.9278
46.1847
84.8183
49.9972
34.1119
33.5953
35.325
53.0534
57.1466
83.2965
104.208
92.0074
44.8964
8.21683
46.0504
68.1426
55.3942
108.943
107.481
140.333
89.5582
59.3372
124.884
44.7623
83.9512
110.026
50.7778
99.6285
72.3552
152.584
192.39
114.379
81.723
125.979
134.823
140.457
123.723
74.7591
32.1839
22.0117
16.6343
6.36915
63.2966
127.202
128.621
88.2439
55.4442
11.5463
57.5261
51.2208
27.4124
65.1649
23.6275
33.5845
45.8022
66.2193
107.202
109.216
63.6744
38.8334
44.6722
66.4672
86.8196
27.9613
58.0411
66.8817
30.246
23.8142
47.1521
98.1712
57.194
29.1185
48.2249
41.9245
17.3616
79.9883
85.7388
86.56
92.9684
50.7519
41.7966
21.3534
79.0759
134.222
173.47
198.318
194.252
137.347
82.2607
69.0792
77.4201
91.1613
62.8731
82.2311
119.434
95.3243
57.5641
38.5405
48.7317
104.35
77.5666
37.7884
111.659
136.748
139.007
118.9
105.147
73.0909
66.7149
104.091
95.4252
136.713
121.241
115.572
84.0075
46.2276
52.178
21.129
67.2496
79.9734
84.5489
68.8037
87.5048
124.334
125.511
61.3223
78.0557
70.375
38.8255
82.7733
97.3876
116.681
137.144
111.994
96.4452
122.499
108.698
69.7463
143.16
153.716
102.468
57.5411
63.0196
56.086
57.0749
143.235
176.726
156.916
129.86
123.398
111.2
103.222
146.644
180.164
184.084
160.267
125.934
117.404
64.8238
78.4769
153.259
128.782
106.306
65.9031
43.6756
81.9712
91.3784
53.5384
41.3968
86.8304
120.65
148.261
168.164
152.881
100.014
44.116
19.2359
25.9239
31.8796
24.3769
23.7142
52.7697
62.4139
31.6862
32.6049
44.9191
187.398
264.795
235.41
175.368
110.595
58.0245
47.2709
51.8876
38.5204
1
38.5204
51.8876
47.2709
58.0245
110.595
175.368
235.41
264.795
187.398
44.9191
32.6049
31.6862
62.4139
52.7697
23.7142
24.3769
31.8796
25.9239
19.2359
44.116
100.014
152.881
168.164
148.261
120.65
86.8304
41.3968
53.5384
91.3784
81.9712
43.6756
65.9031
106.306
128.782
153.259
78.4769
64.8238
117.404
125.934
160.267
184.084
180.164
146.644
103.222
111.2
123.398
129.86
156.916
176.726
143.235
57.0749
56.086
63.0196
57.5411
102.468
153.716
143.16
69.7463
108.698
122.499
96.4452
111.994
137.144
116.681
97.3876
82.7733
38.8255
70.375
78.0557
61.3223
125.511
124.334
87.5048
68.8037
84.5489
79.9734
67.2496
21.129
52.178
46.2276
84.0075
115.572
121.241
136.713
95.4252
104.091
66.7149
73.0909
105.147
118.9
139.007
136.748
111.659
37.7884
77.5666
104.35
48.7317
38.5405
57.5641
95.3243
119.434
82.2311
62.8731
91.1613
77.4201
69.0792
82.2607
137.347
194.252
198.318
173.47
134.222
79.0759
21.3534
41.7966
50.7519
92.9684
86.56
85.7388
79.9883
17.3616
41.9245
48.2249
29.1185
57.194
98.1712
47.1521
23.8142
30.246
66.8817
58.0411
27.9613
86.8196
66.4672
44.6722
38.8334
63.6744
109.216
107.202
66.2193
45.8022
33.5845
23.6275
65.1649
27.4124
51.2208
57.5261
11.5463
55.4442
88.2439
128.621
127.202
63.2966
6.36915
16.6343
22.0117
32.1839
74.7591
123.723
140.457
134.823
125.979
81.723
114.379
192.39
152.584
72.3552
99.6285
50.7778
110.026
83.9512
44.7623
124.884
59.3372
89.5582
140.333
107.481
108.943
55.3942
68.1426
46.0504
8.21683
44.8964
92.0074
104.208
83.2965
57.1466
53.0534
35.325
33.5953
34.1119
49.9972
84.8183
46.1847
37.9278
85.2131
88.9532
66.5987
95.8452
121.621
76.2681
146.394
212.648
172.897
120.7
113.399
140.265
163.232
147.404
104.063
115.831
134.014
76.9641
46.3913
144.906
127.559
30.9306
80.438
75.4453
29.6251
117.736
112.375
77.0407
148.374
121.788
85.1338
119.436
120.101
139.298
177.559
137.652
85.1098
69.8013
50.3289
18.0866
30.2481
14.0366
39.804
48.8447
14.4287
85.3468
100.333
82.2097
86.7232
95.8556
88.3545
65.4488
27.2717
9.58804
41.8688
75.2234
56.8103
26.5199
39.8272
71.7211
106.358
93.3357
55.2724
67.579
102.367
117.031
51.1599
41.9418
97.9506
81.4624
31.2565
86.6003
110.076
114.175
56.7823
54.7544
72.3502
97.715
121.897
120.235
45.9751
102.668
200.81
166.801
77.8897
94.388
86.0415
82.0274
94.7856
84.0682
53.2042
13.7845
48.4706
90.9649
111.295
58.16
81.1078
94.8807
64.9122
44.3106
95.5879
129.011
142.12
215.839
224.037
162.204
147.871
150.759
121.338
79.5063
57.4165
58.0311
73.9098
71.0628
58.1589
91.4814
83.0198
92.6147
128.757
76.5005
100.858
212.216
214.323
77.8116
64.7002
100.42
76.2795
60.9867
71.0129
101.115
104.955
59.4316
60.3517
66.5094
43.0364
67.4815
85.9165
40.6533
51.3023
41.5864
36.6957
27.494
12.5429
56.319
82.9797
80.8691
95.4387
82.0571
51.9064
43.773
75.739
93.7444
82.5162
83.384
141.795
173.172
155.307
125.58
92.5903
31.1652
45.5894
40.3439
121.548
145.215
133.072
150.701
129.171
108.286
69.1566
60.0905
92.0655
105.357
155.516
181.916
202.087
306.345
360.445
259.434
202.696
317.909
386.603
359.104
336.218
339.117
254.392
143.688
159.466
151.237
68.2012
20.2614
34.0115
48.0015
26.2353
4.46857
19.4887
28.2454
58.2548
72.5083
41.8362
27.2468
40.1122
91.2659
98.9787
81.1608
94.0993
70.6957
40.1808
68.2866
22.9169
98.325
130.463
116.804
88.7705
53.2634
96.8425
92.187
40.0574
44.8297
26.7041
4.56431
48.697
70.6158
19.9211
44.3331
52.1292
32.3757
69.1451
131.121
131.437
99.1873
93.621
129.159
141.02
111.159
65.9091
22.5368
81.545
133.185
108.589
37.8211
25.7299
72.0858
116.23
114.987
83.9742
58.8108
65.9298
146.69
177.804
127.193
37.087
94.6893
140.547
139.782
116.565
65.3966
72.201
126.253
168.343
161.461
119.746
83.9212
61.3723
61.5027
67.5078
65.7163
74.3555
88.2522
135.653
101.934
45.4142
55.5535
41.2649
1.36742
61.7646
136.953
174.424
141.162
45.41
77.0471
160.079
193.995
168.907
149.32
166.469
132.639
64.8596
42.4989
73.2472
91.9381
111.88
133.879
112.203
35.1703
69.0409
107.759
65.1338
42.5935
34.8914
37.6849
25.3754
50.5859
125.043
116.278
36.3584
19.2766
14.4282
31.4237
9.22498
27.5178
28.8996
78.4646
126.208
146.923
163.668
168.49
145.094
87.5592
44.6119
56.7939
86.5894
79.7025
62.222
39.2499
34.8753
37.0927
68.1298
89.4599
142.117
113.812
31.5419
60.0329
137.509
132.158
35.6318
51.7952
57.2446
35.0849
43.912
84.3292
103.545
63.6974
52.8465
130.527
156.142
101.444
9.93694
76.4757
104.58
54.5404
76.675
134.381
119.028
68.2111
39.9527
69.7343
82.7286
87.658
91.4997
85.6173
40.0293
44.7989
95.534
86.5421
72.9438
104.506
128.462
115.661
113.709
151.183
166.73
146.374
126.253
67.8624
71.5452
131.293
151.707
195.865
161.82
93.5525
186.552
195.08
133.69
70.7345
22.2198
8.63043
37.0192
84.5906
110.488
60.3616
145.85
220.324
205.975
170.963
115.914
97.2685
107.557
83.9972
74.2701
73.9544
72.4086
38.0141
34.1518
53.53
71.3725
86.7927
73.7337
55.0975
47.3519
26.1861
75.6582
41.4213
83.2548
90.0589
47.3939
36.9894
63.038
108.945
96.779
117.949
116.909
45.5067
97.6102
72.7146
52.2624
72.5067
65.2788
45.2799
127.313
196.641
251.059
293.941
293.803
274.907
241.356
173.656
177.094
183.128
110.574
70.2893
67.1889
25.1059
46.5908
88.3422
108.046
63.2934
23.9488
9.28589
52.5282
31.4752
46.0595
35.6759
28.2934
45.4511
35.8718
74.6794
137.155
168.969
157.331
113.973
44.6164
128.428
109.309
70.7965
81.7953
123.842
205.949
233.974
180.207
135.715
158.202
152.624
116.049
108.668
91.8877
95.3717
69.3673
79.6501
86.7155
68.7415
86.4172
103.82
142.14
146.28
109.767
96.4421
102.298
115.968
131.145
91.7195
58.9017
48.6246
48.2875
58.4957
76.705
78.8477
52.2259
42.7701
42.9721
58.4665
90.4127
156.62
125.66
49.148
26.4866
57.9668
116.081
125.04
138.847
126.641
85.8087
88.4708
103.382
104.281
80.1758
68.3806
67.7963
104.758
129.463
47.1399
149.164
185.083
101.897
127.564
212.715
228.282
207.692
205.02
206.976
178.512
138.404
95.4061
24.1862
92.6856
116.133
113.085
96.1498
54.8328
28.6423
60.6824
97.6739
101.223
52.3605
14.4967
54.2465
103
77.4292
80.4166
88.545
140.954
165.349
103.965
68.4814
70.3756
29.3645
72.4965
83.2764
47.4777
52.267
93.4335
106.028
112.01
101.541
42.4349
64.8274
158.281
176.986
110.989
71.2918
94.374
34.3647
54.648
130.426
162.323
162.991
155.203
96.3676
11.4875
50.3768
66.7196
48.0514
13.4375
41.8005
115.42
150.375
172.149
156.519
102.851
93.6624
126.883
143.162
127.461
76.0134
15.3076
65.6996
77.1496
48.2711
36.9899
40.7784
107.739
104.8
65.6858
54.8964
43.4516
51.7237
61.3354
58.1648
105.016
106.997
69.244
49.4432
45.5486
22.4384
30.8586
85.2094
112.099
97.9434
67.2272
52.7779
38.28
32.1576
43.8239
53.1641
42.8532
33.1794
34.6245
91.3573
137.727
129.4
71.5204
96.0868
134.76
117.907
116.398
125.486
131.242
122.785
103.523
135.769
144.558
84.6506
32.3926
47.3222
94.5604
69.391
73.5022
121.225
183.985
200.266
136.017
183.572
167.573
96.2272
76.263
130.648
127.586
85.2257
50.9961
21.3221
120.233
186.639
149.231
80.2231
63.3807
53.1681
50.1683
94.2795
110.566
140.9
173.895
138.692
58.2564
64.9029
16.176
55.1925
72.0926
106.229
160.198
174.73
138.614
104.437
90.7549
82.1695
118.906
183.037
160.506
147.059
208.053
192.651
147.466
81.7855
21.0632
31.7816
96.1198
134.453
153.928
160.378
141.779
71.8492
37.8386
48.7649
29.2795
7.65008
38.0732
49.4258
55.6513
30.8172
111.764
196.721
166.562
78.1475
95.9336
171.806
156.657
86.8851
65.0842
101.165
142.321
156.381
135.21
85.8734
95.9707
106.471
51.2157
55.1721
73.6514
99.3174
111.209
119.74
116.731
80.9032
29.6402
49.859
103.246
76.0775
22.9158
37.2182
80.6827
117.708
92.6498
29.349
13.4594
66.3926
72.6078
17.8478
45.0092
66.111
34.4617
4.63948
35.3494
58.8157
21.0103
128.694
143.473
95.1434
61.0474
77.7336
107.026
127.599
80.2967
52.1649
95.7005
133.164
88.6452
43.6938
102.647
91.8242
31.9723
46.0241
69.4992
45.2802
3.74651
30.8987
57.1488
83.7314
83.3716
72.7344
54.9458
20.8551
14.8181
35.5438
36.8036
54.3427
44.6434
33.9019
28.2466
61.9689
73.5016
35.7603
136.39
151.326
163.676
144.881
87.4096
61.0435
21.7706
7.79341
54.4508
67.7628
104.688
164.562
132.754
79.467
115.04
159.941
168.463
127.533
76.2561
30.2461
9.67419
8.30194
64.3856
115.468
86.1948
25.5532
11.7256
36.1949
68.0973
67.0044
72.7695
82.6062
64.0081
36.1247
37.8521
3.62236
65.4255
90.165
48.3463
52.2096
60.9603
64.7335
95.3166
88.4648
71.3874
73.6552
87.2795
112.109
138.1
123.107
99.5738
56.2307
116.52
167.214
142.129
45.2937
99.6641
161.149
132.32
116.745
165.015
227.826
227.387
204.49
215.791
233.844
229.202
194.896
202.756
244.069
205.621
130.061
98.0603
99.4927
78.9644
15.0104
58.6859
29.4256
69.2007
103.292
86.7809
59.4264
64.4829
74.9356
104.939
150.309
140.51
76.522
70.0049
154.859
201.411
133.484
48.9884
29.8095
24.7564
58.2019
88.4866
101.439
73.3694
20.9926
89.2369
88.6919
110.214
70.4509
47.811
132.648
118.659
49.299
44.3254
86.2432
129.941
129.773
60.1545
58.1057
56.4476
27.3385
102.349
119.122
76.1619
38.4691
72.9234
124.996
224.035
221.542
132.953
86.1194
70.9005
59.411
95.6473
168.521
204.572
179.299
55.9624
113.96
183.619
157.617
103.067
41.2085
25.6487
5.74809
71.9942
131.025
123.598
101.988
135.631
169.381
139.314
132.262
159.377
157.49
135.883
98.429
72.3493
109.898
167.328
138.78
53.1487
50.9259
110.724
215.249
241.772
253.089
263.254
223.03
281.29
376.241
383.473
303.111
218.381
175.836
127.408
80.4614
70.2439
41.62
7.65645
58.6862
87.1542
96.8038
107.898
49.2524
116.376
145.464
115.511
139.206
142.217
93.7019
67.3224
39.7296
7.39118
14.2356
51.3736
88.4054
92.5367
88.7229
95.3851
139.965
184.838
166.802
94.4192
47.1138
56.3653
46.9965
8.60866
13.2104
86.7088
123.138
96.4001
41.7589
20.5614
34.0686
28.1366
24.7217
103.1
159.419
133.168
59.8277
67.6196
103.394
123.022
91.6874
19.6676
35.5454
47
80.6553
95.3645
88.4706
57.0677
33.2305
58.0902
65.3774
69.3811
84.4082
71.16
37.1489
43.3091
72.3265
67.5849
55.2542
93.634
141.2
118.56
66.6938
100.703
123.054
139.512
168.954
176.544
173.842
179.72
178.862
178.787
203.433
220.003
186.091
118.178
68.0483
75.7637
59.5107
26.9304
36.6265
78.6984
143.043
161.617
106.217
11.1848
65.8614
61.7688
41.0065
13.4988
24.6816
24.024
102.339
136.8
140.399
178.243
142.954
50.098
160.529
130.248
80.742
136.005
93.4108
24.1753
88.8743
80.7755
57.2225
99.5431
55.0374
67.1221
127.985
93.3564
22.3734
29.5979
56.2245
75.4976
105.014
92.8595
73.7747
67.9885
34.952
67.3956
113.604
119.357
74.1713
24.0645
59.943
113.885
129.25
145.92
194.5
172.955
87.5757
138.164
166.338
123.367
132.755
160.172
195.83
227.066
208.264
145.994
245.616
434.967
444.608
423.33
478.647
425.824
343.741
274.158
213.697
175.414
125.336
72.063
73.7691
53.1244
98.1585
161.372
120.056
59.3024
84.6049
111.104
119.132
107.846
65.2483
17.9894
21.3881
79.6944
113.268
209.069
283.367
246.871
193.95
188.629
189.617
175.692
140.905
93.7638
63.8406
119.102
95.8494
62.2337
60.5615
58.7973
81.1789
111.739
79.288
65.0555
58.1125
24.326
75.45
125.159
134.235
85.2254
50.7974
76.1711
59.6037
12.091
85.7748
57.9769
72.0454
151.57
133.568
111.404
87.0814
59.1084
70.2024
53.0018
36.1986
33.6378
40.2389
45.6948
43.701
145.818
179.501
140.842
92.2572
91.6209
125.753
106.055
106.337
80.6114
28.4585
111.356
135.164
91.5841
122.215
117.958
50.1307
66.5598
104.426
82.1047
53.2767
54.0181
103.571
146.855
157.076
102.498
21.5102
28.4371
34.1067
67.7065
106.55
152.039
179.292
121.426
62.6611
44.1559
67.897
94.1061
54.7177
61.8634
55.9718
131.426
129.534
38.1735
43.7173
63.7239
72.1597
57.778
21.1942
39.6865
33.9674
41.1966
81.1283
37.6939
58.8171
127.37
157.339
105.204
56.2696
89.5895
99.2476
94.7331
127.971
130.211
138.775
117.519
46.9243
20.3022
98.1881
90.7165
41.678
63.2166
45.0272
50.8974
13.9259
44.7682
69.8895
74.4608
65.767
21.8744
32.8711
8.07813
69.4579
95.785
97.8815
76.9752
43.2913
60.7955
112.648
138.495
95.0771
19.0704
22.7035
23.3279
52.7277
89.0988
76.9929
9.40203
66.018
95.2835
71.4498
12.6912
72.2387
111.485
94.4737
75.6243
46.3072
19.7874
45.7267
52.2079
141.623
159.529
92.8872
65.0329
74.9714
76.9486
63.354
21.6086
54.5489
75.0125
55.1396
11.7376
4.01163
49.0356
106.457
80.8432
29.8964
70.8759
84.44
64.6139
34.9783
40.7883
57.8214
46.7236
64.4593
147.493
156.947
96.2895
37.226
56.7296
58.0004
27.8405
57.5051
36.0488
73.9513
72.6315
50.6286
83.005
90.2432
45.4628
86.1304
176.763
145.257
115.953
149.16
47.0545
74.8191
113.901
66.5263
26.915
62.1811
80.9092
100.814
140.888
133.864
125.447
111.254
78.7194
59.2578
71.0478
100.556
142.967
151.71
89.7781
87.5474
56.0777
23.7725
34.5682
51.2309
55.8618
155.281
247.479
289.426
308.22
279.994
275.147
334.96
327.507
230.659
148.645
139.27
175.453
159.579
49.5003
62.4152
103.784
125.939
119.47
63.4057
138.587
208.481
199.688
225.28
270.343
245.033
211.526
212.373
208.8
208.758
206.577
153.604
87.5755
32.7408
86.2201
116.501
63.9651
41.6052
67.6528
85.8076
59.6295
12.8272
41.4643
50.0622
10.7672
74.4762
75.7252
19.6544
50.4395
65.5521
75.4047
96.4499
88.8653
43.0327
46.921
83.9355
111.365
89.2694
34.1083
48.0921
91.1481
39.634
30.3043
9.67625
81.024
109.834
78.6275
65.3041
45.0894
10.6851
67.3092
102.52
103.242
58.2784
38.0653
61.6784
107.386
83.4291
34.9723
44.6738
79.9051
96.7396
77.2417
85.9678
126.534
122.573
79.2729
63.4275
97.6199
81.0969
32.917
46.4002
106.145
139.286
137.913
99.4041
50.2522
23.5199
59.6154
83.4113
49.4051
69.8782
95.501
115.79
90.7224
45.7589
75.7098
107.317
127.396
106.154
43.8842
38.6748
42.4741
47.3686
69.4012
93.4209
100.599
71.9361
69.9175
41.9623
4.1386
23.2563
20.0665
43.33
91.1013
95.0649
80.6523
80.3951
56.1122
52.4535
48.2939
96.6923
133.027
162.792
132.698
27.2813
67.8695
75.7891
51.8583
29.6129
8.39109
1.98803
27.4992
76.6509
96.2995
74.4721
58.2893
52.7173
31.5101
83.9152
113.339
47.5616
59.8405
89.1524
98.2036
134.648
97.9275
91.8476
114.036
121.701
116.03
95.6306
137.828
164.685
124.742
82.8829
108.01
177.787
190.245
151.415
110.383
39.0691
25.2975
83.405
98.549
58.0395
41.8477
37.8161
116.642
171.516
178.95
113.3
38.5909
95.7653
95.7537
34.4478
56.5059
55.2385
51.1672
116.374
157.514
132.235
84.8557
82.6543
85.1735
41.8282
20.6323
35.8047
80.7856
88.1262
58.1202
102.569
105.707
70.7294
113.99
86.4561
76.7624
58.0012
73.5159
72.286
41.905
27.9843
48.3937
33.6966
16.1215
10.8611
26.2168
37.4149
70.115
109.61
96.3263
62.6613
53.3598
66.9459
50.4045
67.4563
102.486
63.2466
25.0181
27.8004
36.5726
30.6981
76.2831
103.159
108.068
61.0965
41.3497
53.5359
26.5301
52.7851
49.9993
29.0405
32.5864
35.0446
14.423
90.417
147.33
179.389
184.225
155.365
138.615
140.036
133.531
146.452
188.701
176.231
121.862
94.1258
92.0625
126.356
200.529
256.249
315.831
346.998
374.484
482.176
539.232
488.734
407.147
346.413
308.691
280.525
237.901
201.79
169.404
137.149
104.472
68.7374
88.3464
87.0391
122.963
159.471
125.614
83.484
43.0629
48.1085
76.1709
61.8296
78.4738
77.0998
61.9016
60.1019
79.2665
80.1495
89.6017
138.8
117.079
67.0995
62.0335
38.1035
13.686
43.5896
25.7487
52.7532
99.8335
113.94
90.7552
42.4522
32.1695
45.6392
85.1751
118.518
89.4539
50.3165
62.6252
62.2597
72.5833
110.525
99.0924
36.6204
65.5889
78.3002
76.5093
138.501
101.614
13.5443
47.6915
54.5704
48.82
24.7373
80.6755
76.2509
67.6183
129.119
139.653
88.0994
57.7063
27.1048
39.2501
109.166
134.868
84.482
5.91625
79.8518
110.638
91.8559
46.6251
15.2129
24.6151
51.9518
67.1067
89.5426
103.961
78.653
29.4201
15.4033
35.4552
10.8827
72.2683
104.57
73.5396
41.4835
62.4498
107.717
67.793
53.6805
86.4312
6.3988
95.4754
87.0126
19.127
80.8887
95.3471
24.3687
55.3502
84.2147
99.581
130.328
124.075
60.8822
28.6817
14.306
5.75419
43.2372
64.6923
34.2222
13.2372
16.6908
67.3789
73.8784
40.0562
34.0002
55.0474
80.5173
68.5287
33.9781
66.5775
60.6316
65.6588
53.6709
28.6782
14.1986
35.8471
54.9724
44.3396
140.333
196.535
148.826
68.5801
37.8313
20.8816
61.2217
123.331
162.579
112.686
11.7678
64.9151
115.002
145.67
120.967
34.5897
200.098
324.553
344.902
317.868
317.294
363.908
459.05
628.361
840.728
961.275
950.47
860.643
689.99
535.343
413.588
262.202
135.164
106.625
117.058
100.726
62.5241
18.2502
50.2838
49.7288
6.2837
31.1827
24.9764
72.237
129.315
118.88
72.3924
90.077
166.457
242.032
234.27
166.099
163.612
196.12
183.707
151.002
155.46
131.056
135.217
133.92
47.4502
73.0592
98.883
89.4851
74.6383
55.9582
32.4789
18.8286
25.2246
8.70255
42.2307
58.3785
53.5518
16.9894
44.7621
54.539
22.7421
109.906
145.473
131.871
77.9569
20.3008
59.6969
39.9026
26.017
92.0748
84.9773
10.6699
48.5225
34.8604
45.0964
70.0657
66.1268
55.3909
55.6977
43.726
34.5548
87.8198
106.737
97.003
97.5547
84.4246
69.0501
58.3152
99.3888
108.144
34.4183
59.3844
55.5491
33.5402
73.6641
109.403
101.188
59.9358
58.0919
44.9146
68.4968
144.567
117.17
74.1775
47.1319
3.3698
6.58877
40.3921
77.4476
35.9631
69.8863
130.069
108.25
56.2208
20.4848
21.4135
38.498
63.1575
82.1624
62.1986
42.0042
54.8109
38.2502
70.137
65.5027
72.8119
92.602
30.8778
48.7156
96.5921
97.9789
31.0629
107.124
99.5638
40.6357
24.0296
57.1886
97.3803
124.688
114.985
57.693
31.3413
81.5735
71.8006
47.2872
63.9141
63.4788
47.472
44.3612
85.0246
69.1326
28.6985
41.3094
44.542
55.4777
43.1553
50.1764
21.3266
82.5088
36.2284
123.455
156.206
49.4432
159.928
145.196
30.0073
60.1796
65.996
44.4013
70.5052
86.2628
97.2309
97.6194
45.0615
19.368
81.1579
122.093
111.471
95.8755
103.436
98.9833
89.5006
85.2253
39.7534
79.5275
112.809
73.9114
57.1876
73.8253
74.7227
44.6923
1.56634
32.463
54.8747
37.0872
11.2813
15.3137
57.7726
133.622
147.5
69.8657
87.4477
90.9045
12.1418
56.7289
31.3397
58.0689
87.2242
92.9476
68.1648
42.5488
22.6517
19.3791
26.9822
87.9167
91.1172
82.3336
82.3905
69.787
26.6151
12.6399
79.512
94.1754
29.406
49.3467
74.4299
66.0465
15.7156
43.7165
58.1803
94.7554
63.7532
46.4514
64.3407
67.1502
100.311
48.0588
34.7962
27.4396
7.58638
57.4871
133.322
153.67
108.157
92.1739
110.482
72.5938
28.671
54.2789
42.2991
31.1769
34.8158
107.134
95.6743
142.373
151.273
76.0665
63.171
111.181
186.479
270.987
344.903
471.842
565.415
502.766
347.496
238.03
228.699
290.404
348.915
287.927
269.127
298.486
276.52
390.736
448.923
393.244
305.205
239.695
182.922
63.5346
64.589
153.243
204.207
152.279
83.733
141.531
182.486
130.603
77.5964
130.006
139.552
87.9541
16.9292
108.985
154.896
121.667
35.6272
14.9637
30.4233
42.4993
20.7758
59.6202
16.1776
53.316
32.6268
45.1457
10.734
92.3772
103.442
27.0716
69.4257
75.9759
79.9756
103.258
108.338
55.9496
31.5573
53.6859
63.1229
96.9709
132.111
114.173
62.0384
71.1218
51.0404
48.6377
72.341
73.2055
35.5516
36.2454
59.7667
9.40554
91.1583
119.37
93.6866
72.8484
68.1646
72.6845
78.982
101.175
126.139
107.516
37.9391
54.4873
65.0848
43.0615
78.0641
93.3263
67.3277
49.5225
80.1551
70.6239
31.6968
36.2712
41.9423
96.5743
100.421
104.747
72.3699
37.668
38.8825
42.3582
51.4055
43.915
36.2294
29.0437
15.6521
81.1492
131.133
127.823
90.514
60.33
53.2864
25.8997
44.1369
38.2048
45.5375
66.0846
100.494
64.544
36.28
43.1415
16.7501
16.8952
63.4423
97.5953
71.3355
8.44228
91.2601
128.834
100.658
76.1077
130.058
116.309
85.3717
85.3697
50.3653
5.37082
77.6972
100.385
41.0187
50.7508
109.187
105.531
54.8661
6.55201
51.6761
56.3456
69.495
94.7729
51.8465
17.8224
49.3917
56.9171
40.0887
40.8988
98.3759
105.797
69.1717
94.6187
131.157
85.3127
71.0909
51.8597
53.1666
91.2308
83.1498
51.2582
23.6769
39.5834
16.1135
57.0066
71.8183
63.5902
54.2408
31.8668
39.2878
68.1002
60.5359
59.9177
34.9383
54.3523
96.7243
82.4814
93.9206
106.975
56.6549
25.1872
46.2579
43.0547
44.7192
21.0335
20.6546
21.5325
58.671
105.72
85.8199
17.0866
28.0125
51.2481
42.377
11.936
13.447
29.1492
46.6983
31.3642
100.741
184.13
164.974
83.5692
63.316
77.0029
63.9457
32.6582
89.8114
161.55
110.479
36.6201
76.0287
70.0465
81.9135
96.1917
66.1611
93.3761
123.404
80.2036
104.354
152.394
119.581
52.4057
91.0816
141.483
118.979
44.839
111.432
111.172
23.8552
78.4704
116.019
108.644
97.3295
119.537
132.145
112.255
131.684
160.555
111.092
52.5823
99.3158
172.406
200.064
266.937
354.029
371.428
291.01
106.027
229.064
374.559
357.055
313.868
334.584
352.233
318.755
271.539
231.452
201.502
195.667
175.123
108.443
88.3644
52.4228
69.3854
96.7297
87.7278
94.7527
42.5116
6.80097
22.7114
17.9252
77.4701
106.945
65.8797
22.9085
58.5654
58.1819
84.0709
88.5316
37.6668
13.6398
26.3433
16.5581
77.524
71.226
35.2641
57.3357
60.5536
51.4901
38.1031
25.184
20.7126
54.0681
73.945
44.4728
67.0105
98.037
117.542
96.7151
26.0368
43.6813
50.4795
21.8419
17.7187
22.0182
47.4642
33.705
15.7783
21.6711
8.37247
25.7979
33.8862
29.0361
78.4443
95.9074
76.6181
49.6893
56.7215
40.2874
51.7127
58.4196
32.8041
38.1281
22.1999
8.77777
12.7849
4.9101
26.3575
33.5202
29.3212
49.0951
61.4388
47.1515
17.0769
17.4243
42.5578
47.4741
58.2598
44.8969
43.538
97.144
64.6064
51.5634
73.0176
49.388
4.31746
41.7497
72.6331
48.2148
41.6799
109.725
72.7932
29.3055
76.4716
41.3551
9.58826
42.1788
60.9804
44.5798
24.6147
2.59006
55.9484
81.4808
53.4636
56.5521
39.7253
44.3045
46.0036
35.4931
39.7998
36.5526
75.3012
85.0313
88.6611
117.081
122.81
90.2864
60.9924
44.7283
40.2218
53.6416
53.4831
44.7965
87.5099
76.7292
64.1076
109.818
72.5821
39.4932
84.615
68.8668
97.8718
70.8418
21.3119
58.2686
28.5854
6.16806
18.743
63.0703
62.8846
38.9352
50.7746
85.0805
172.069
207.843
107.979
67.9215
157.443
150.803
131.624
170.96
249.286
264.15
221.117
217.461
251.749
311.267
317.735
214.178
186.686
198.649
123.302
76.1184
109.679
126.184
119.73
92.0262
47.1664
9.26919
37.1166
57.7226
63.0626
61.142
46.1684
95.3564
110.731
146.142
106.365
40.0046
75.562
139.46
139.374
105.605
127.933
122.527
97.8401
104.486
78.1347
32.0364
34.2212
41.0153
69.2084
61.3371
33.8212
24.1387
52.8979
74.8811
28.8903
103.494
80.4372
16.5292
49.4115
56.7942
98.9501
114.207
47.8354
72.5282
109.594
35.3012
68.4621
78.1618
40.2419
52.1424
60.1337
21.7388
56.3191
83.0274
56.2504
69.2936
125.613
158.35
118.956
29.6334
42.2752
73.5984
78.0725
51.4162
18.6371
54.7579
70.0291
103.62
80.5148
13.5529
47.4205
23.4095
31.0259
41.8208
130.368
105.427
43.3721
69.7175
39.009
94.4179
71.392
33.7773
120.407
140.555
78.5149
20.1112
29.8215
91.839
84.9334
27.0392
74.0211
82.243
23.2881
30.1849
9.44236
65.82
92.0241
90.0046
103.528
131.544
149.789
129.209
72.7069
55.0691
81.7411
70.8113
15.6324
77.5711
72.8926
24.0659
82.3237
102.366
62.0896
21.376
18.1891
35.1965
50.7571
51.3394
44.5947
42.3651
52.1615
65.8685
76.9327
105.365
144.574
129.608
32.4341
45.8988
16.8592
54.4131
96.98
127.863
109.049
41.0196
32.7167
94.9545
83.6962
36.9551
73.0023
25.4826
50.8516
25.9482
98.8864
45.9496
58.6445
62.4003
67.9256
50.9947
73.9704
96.6297
69.6842
32.7859
6.11067
30.0074
72.5167
66.8237
16.9352
40.184
34.6329
9.69139
1.35242
34.3717
72.0136
112.282
119.916
101.702
166.805
173.866
96.9907
6.54728
93.4638
166.165
176.018
105.899
43.7081
36.8302
48.7068
58.312
31.1062
20.9845
35.2813
25.9556
80.7114
130.912
132.5
110.771
49.2935
72.7291
80.3854
70.528
51.9553
79.0434
49.3975
13.2777
35.315
66.8685
95.7424
73.6957
32.4306
61.4084
114.39
90.2658
28.0928
53.684
28.982
36.9316
43.6583
22.591
29.3336
64.0954
74.616
48.6146
29.7375
32.6315
57.0346
49.7681
6.62859
57.5202
45.455
32.3339
62.9752
78.4502
43.9749
69.8713
108.19
112.393
116.586
81.3292
21.3591
58.0065
81.7876
78.9324
53.6798
32.2848
128.312
166.933
165.647
200.908
189.744
148.989
142.795
137.074
112.131
66.0753
114.933
356.277
508.076
577.451
808.29
817.854
579.721
513.919
918.445
1669.96
1822.59
1416.58
1302.49
1221.6
829.266
387.734
125.997
83.9458
154.511
175.623
141.917
113.89
105.41
106.161
71.7423
22.3672
105.929
122.149
52.276
74.7875
102.956
65.4002
33.2934
21.9542
34.313
73.4973
34.2266
45.3284
95.5193
113.092
74.8627
28.2237
108.077
111.636
84.6002
75.7988
77.5566
53.0114
30.4281
19.4853
18.1247
21.2188
19.0004
12.3672
27.4243
31.3785
34.6284
34.1305
48.6527
15.6902
35.6788
35.654
13.8023
34.7882
40.3232
67.3375
46.8479
37.0905
71.6258
59.7718
37.1679
65.711
59.1137
79.8962
107.215
62.6534
31.3503
51.6195
49.8287
68.4139
92.8507
100.024
122.324
107.598
51.4003
18.8072
44.148
94.8243
90.005
52.9215
46.8655
49.3473
96.891
63.7148
55.9244
93.6443
48.8071
9.06083
17.9037
93.4031
147.588
121.863
63.5648
48.239
31.5519
29.5913
27.9724
34.2391
13.107
26.0537
50.3701
65.2125
67.7894
54.7916
28.078
17.3738
46.3996
88.7047
66.1039
10.6618
14.1416
7.37111
10.9163
21.3439
42.0605
83.5905
117.291
123.409
59.499
58.6032
111.708
89.1225
25.3413
27.7302
36.6182
22.6575
35.095
61.2054
83.9499
58.3363
46.9308
58.0104
41.4836
56.3482
46.5927
6.56018
46.1238
60.5602
21.5614
35.1367
63.5054
57.1567
57.0392
82.8094
84.3382
89.7208
78.2777
27.7697
15.5913
44.8045
89.3385
51.3946
53.9463
87.784
42.4443
11.2629
67.2179
137.909
122.063
94.946
146.696
81.4742
42.4446
59.3156
71.9286
88.1013
29.129
78.2572
109.066
103.742
50.2144
49.7014
86.8285
74.1334
54.3206
43.0169
67.8936
77.127
54.4788
82.3908
50.0214
17.4556
52.9119
57.1851
23.5769
69.7843
104.39
61.4729
25.234
22.9369
18.46
38.3621
94.7419
133.7
78.5042
27.295
70.7968
59.6447
63.7693
83.9926
88.8274
90.6116
66.9623
47.3574
63.7043
53.9474
9.12174
67.7136
96.2861
47.382
68.0305
71.7008
73.7732
131.381
141.063
118.72
62.21
105.364
100.964
34.6838
32.2185
57.8122
45.7059
44.1834
49.4973
43.298
37.352
88.7454
83.5243
69.9659
36.7265
44.216
66.6475
73.2835
81.4809
105.225
99.0851
67.706
61.0363
43.2848
15.4146
59.4607
173.036
252.898
287.1
243.518
72.1734
110.693
200.552
228.235
204.793
133.681
78.677
62.8101
82.551
112.91
92.6743
61.7951
33.7707
16.62
5.65053
53.5869
98.3318
80.7892
57.2125
125.735
125.278
84.2057
23.5507
31.7249
14.5181
49.4609
89.711
76.2153
36.7676
22.0737
33.7768
41.3848
25.0809
21.8129
52.2596
79.6566
99.5231
72.2861
16.7928
48.1232
36.6468
28.4881
34.0491
76.5978
58.5564
30.1777
57.4273
1.75509
85.7321
100.04
27.7863
38.3831
66.3314
61.5762
24.073
59.8446
17.0477
49.8189
58.3394
58.0731
58.6311
46.764
94.7767
87.5966
20.5142
45.0483
36.4264
27.5395
69.4725
35.3023
37.5379
32.6932
25.4809
30.2938
23.6632
61.1157
60.8908
61.8494
49.4516
30.928
47.9977
74.2789
49.2923
74.1014
140.164
113.553
40.5984
34.6014
63.5881
43.624
79.4442
91.4234
59.7962
133.156
101.729
48.772
97.1427
104.44
45.7428
48.449
93.463
76.3871
5.71724
73.7785
63.2448
11.6562
32.5042
21.7848
52.543
39.305
4.9389
40.0008
57.8526
32.518
15.0285
46.0844
57.5399
51.592
32.5936
62.7956
111.101
127.832
80.9417
76.3395
92.1352
77.3958
53.2595
33.1141
45.6591
67.8403
84.8434
51.5005
67.5223
85.5291
53.5424
30.5004
49.2864
31.6028
9.30738
48.9543
53.7443
8.57053
44.26
38.8634
17.062
29.071
46.7329
67.6494
113.171
89.3111
52.1004
71.303
66.1048
54.0213
36.3749
11.3065
68.432
83.3623
41.6752
26.756
19.072
51.8445
95.8636
118.488
129.205
92.8706
102.774
105.486
79.2166
90.0568
66.2721
76.769
111.887
133.9
174.857
214.755
211.152
154.739
85.5736
37.7767
72.5431
119.434
114.355
86.8084
95.9638
129.746
154.046
143.819
121.817
90.0345
49.1398
28.1947
17.4599
87.228
131.88
112.144
80.8593
90.9345
92.9854
123.036
128.944
57.9766
20.5482
55.7423
42.0709
24.2933
40.673
27.4891
51.9769
20.7344
53.3838
7.05622
74.9841
92.4935
54.0591
14.8037
25.4767
40.432
43.8111
63.1791
54.5129
44.2414
37.0667
11.9325
71.3066
94.09
57.8314
42.2059
84.276
77.9323
109.039
82.3183
45.6196
103.514
113.402
54.6029
11.2714
27.0985
91.9997
74.9945
24.0255
64.9042
17.9149
32.2545
38.0327
23.8847
39.6432
28.7859
9.96591
18.9392
50.373
78.9797
64.9899
64.042
93.4976
93.1362
42.5722
24.9674
49.3168
89.4809
44.9045
52.9325
72.5733
45.548
65.0133
64.5493
161.113
191.104
85.1598
89.4338
139.58
99.582
41.3461
29.1226
47.7755
39.7605
77.7472
75.2551
29.2143
21.1729
52.366
19.2144
33.9252
17.9526
28.5946
32.6407
12.3674
20.233
38.1471
32.98
51.5307
80.9757
84.3939
46.5761
27.4101
60.8938
88.4933
66.7646
31.3839
33.4503
43.7202
53.9777
50.4658
16.4903
27.7346
36.5721
36.5813
42.7246
23.4868
20.1122
26.0931
39.2296
34.3884
55.0945
41.6958
50.4124
74.7528
72.8992
33.0712
110.799
134.235
58.3084
28.6148
64.5675
72.2658
44.7871
62.3705
101.827
58.7489
27.205
66.5109
49.4328
20.6994
17.6624
26.1839
36.7133
23.0352
33.8632
68.8402
98.7635
100.254
70.0942
98.7728
95.8164
115.219
85.2879
54.3711
72.6261
105.201
134.931
128.401
94.3123
46.4313
63.8004
59.5851
22.4884
36.0015
48.7089
71.0841
62.5625
31.8286
12.9424
67.5752
95.7596
57.5303
25.0173
51.6593
52.4675
48.0214
54.4713
42.5231
20.8942
18.1791
57.4488
47.8783
31.9224
68.5247
33.244
53.8649
73.9585
43.4612
47.7495
58.62
43.4432
43.6556
53.1867
57.3164
4.70206
47.9914
74.6011
104.09
102.534
86.3803
112.314
107.447
62.4576
28.5239
29.2384
26.1263
13.3024
29.9998
51.2116
55.7199
53.2272
43.8032
32.9964
42.4025
54.5571
48.5522
44.5304
43.6529
44.8922
45.5193
35.1692
36.2536
23.0775
40.9291
69.0816
14.0421
16.6743
67.3284
86.0203
188.659
318.005
609.701
2757.6
6303.7
